0 0.975 0.965972 0.05 0.0680556 1
1 0.88125 0.733333 0 0 1
1 0.86875 0.733333 0 0 1
1 0.81875 0.733333 0 0 1
1 0.78125 0.733333 0 0 1
2 0.76875 0.733333 0 0 1
2 0.71875 0.733333 0 0 1
2 0.63125 0.777778 0.1 0 1
2 0.61875 0.777778 0.1 0 1
2 0.96875 0.711111 0 0.333333 1
1 0.80625 0.711111 0 0 1
1 0.81875 0.711111 0 0 1
1 0.78125 0.711111 0 0 1
1 0.75625 0.711111 0 0 1
2 0.76875 0.755556 0 0 1
2 0.71875 0.755556 0 0 1
2 0.61875 0.711111 0.1 0 1
2 0.96875 0.688889 0 0.333333 1
2 0.95625 0.711111 0 0 1
2 0.71875 0.844444 0 0 1
2 0.96875 0.777778 0 0.333333 1
1 0.93125 0.777778 0 0.333333 1
1 0.88125 0.777778 0 0 1
2 0.86875 0.777778 0 0 1
2 0.81875 0.777778 0 0 1
2 0.76875 0.777778 0 0 1
2 0.71875 0.777778 0 0 1
2 0.95625 0.688889 0 0 1
2 0.96875 0.755556 0 0.333333 1
1 0.93125 0.8 0 0.333333 1
2 0.88125 0.755556 0 0 1
1 0.86875 0.755556 0 0 1
2 0.81875 0.8 0 0 1
2 0.76875 0.755556 0 0 1
2 0.71875 0.8 0 0 1
2 0.95625 0.733333 0 0 1
2 0.96875 0.733333 0 0.333333 1
2 0.95625 0.755556 0 0 1
2 0.98125 0.6 0 0 1
2 0.96875 0.6 0 0.333333 1
1 0.70625 0.6 0 0 1
1 0.71875 0.644444 0 0 1
1 0.68125 0.644444 0 0 1
2 0.98125 0.577778 0 0 1
2 0.96875 0.577778 0 0.333333 1
1 0.73125 0.622222 0 0 1
1 0.76875 0.688889 0 0 1
2 0.98125 0.555556 0 0 1
1 0.68125 0.6 0 0 1
2 0.98125 0.533333 0 0 1
1 0.68125 0.577778 0 0 1
2 0.98125 0.511111 0 0 1
1 0.68125 0.555556 0 0 1
2 0.98125 0.488889 0 0 1
2 0.98125 0.466667 0 0 1
2 0.98125 0.444444 0 0 1
1 0.68125 0.622222 0 0 1
2 0.98125 0.422222 0 0 1
2 0.71875 0.733333 0 0 1
2 0.98125 0.666667 0 0 1
2 0.96875 0.666667 0 0.333333 1
1 0.76875 0.711111 0 0 1
2 0.71875 0.711111 0 0 1
1 0.66875 0.711111 0 0 1
2 0.98125 0.644444 0 0 1
1 0.66875 0.666667 0 0 1
1 0.75625 0.688889 0 0 1
1 0.71875 0.644444 0 0 1
1 0.68125 0.688889 0 0 1
2 0.98125 0.622222 0 0 1
2 0.96875 0.666667 0 0.333333 1
1 0.78125 0.666667 0 0 1
1 0.70625 0.622222 0 0 1
1 0.71875 0.622222 0 0 1
1 0.68125 0.622222 0 0 1
2 0.96875 0.688889 0 0.333333 1
2 0.965625 0.933333 0.06875 0 1
2 0.96875 0.933333 0 0 1
2 0.91875 0.933333 0 0 1
2 0.86875 0.933333 0 0 1
2 0.85625 0.933333 0 0 1
2 0.81875 0.977778 0 0 1
2 0.76875 0.977778 0 0 1
2 0.71875 0.933333 0 0 1
2 0.76875 0.844444 0 0 1
3 0.034375 0.933333 0.06875 0 1
2 0.96875 0.872222 0 0.255556 1
2 0.93125 0.911111 0 0 1
2 0.91875 0.911111 0 0 1
2 0.86875 0.911111 0 0 1
2 0.81875 0.911111 0 0 1
2 0.75625 0.911111 0 0 1
2 0.76875 0.911111 0 0 1
2 0.71875 0.911111 0 0 1
0 0.040625 0.933333 0.08125 0 1
1 0.76875 1 0 0 1
2 0.74375 1 0 0 1
2 0.96875 0.905556 0 0.188889 1
2 0.93125 1 0.1 0 1
2 0.91875 0.927778 0 0.144444 1
2 0.85625 1 0 0 1
2 0.86875 0.977778 0 0 1
2 0.80625 0.977778 0 0 1
2 0.76875 0.955556 0 0 1
1 0.76875 1 0.1 0 1
2 0.75625 0.977778 0 0 1
2 0.76875 1 0 0 1
1 0.64375 0.977778 0 0 1
2 0.96875 0.894444 0 0.211111 1
2 0.91875 0.894444 0 0.211111 1
2 0.86875 0.955556 0 0 1
2 0.83125 1 0 0 1
2 0.81875 0.955556 0 0 1
2 0.81875 1 0 0 1
1 0.83125 0.844444 0 0 1
2 0.81875 0.844444 0 0 1
1 0.78125 0.844444 0 0 1
2 0.75625 0.844444 0 0 1
2 0.76875 0.844444 0 0 1
1 0.75625 0.844444 0 0 1
2 0.71875 0.844444 0 0 1
1 0.66875 0.844444 0 0 1
2 0.965625 0.888889 0.06875 0 1
2 0.86875 0.822222 0 0 1
2 0.81875 0.822222 0 0 1
2 0.76875 0.822222 0 0 1
2 0.71875 0.822222 0 0 1
1 0.66875 0.822222 0 0 1
2 0.96875 0.8 0 0.333333 1
7 0.85625 0.8 0 0 1
2 0.86875 0.8 0 0 1
2 0.81875 0.8 0 0 1
2 0.96875 0.822222 0 0.333333 1
2 0.96875 0.861111 0 0.277778 1
7 0.85625 0.888889 0 0 1
2 0.86875 0.888889 0 0 1
1 0.80625 0.888889 0 0 1
2 0.81875 0.933333 0 0 1
1 0.75625 0.933333 0 0 1
2 0.76875 0.933333 0 0 1
8 0.73125 0.888889 0 0 1
2 0.86875 0.888889 0 0 1
2 0.98125 0.866667 0 0 1
2 0.96875 0.85 0 0.3 1
2 0.91875 0.872222 0 0.255556 1
2 0.86875 0.866667 0 0 1
2 0.81875 0.866667 0 0 1
2 0.76875 0.866667 0 0 1
2 0.71875 0.866667 0 0 1
2 0.98125 0.844444 0 0 1
2 0.96875 0.844444 0 0 1
2 0.71875 0.933333 0 0 1
2 0.81875 0.8 0 0 1
2 0.76875 0.755556 0 0.144444 1
2 0.71875 0.755556 0 0.144444 1
2 0.95625 0.733333 0 0.144444 1
2 0.96875 0.733333 0 0.144444 1
2 0.88125 0.733333 0 0 1
2 0.81875 0.733333 0 0 1
2 0.76875 0.733333 0 0 1
2 0.98125 0.133333 0 0 1
8 0.61875 0.733333 0.0625 0 1
2 0.95625 0.711111 0 0.144444 1
2 0.96875 0.711111 0 0.144444 1
2 0.81875 0.711111 0 0 1
0 0.75625 0.755556 0 0.144444 1
2 0.76875 0.711111 0 0 1
2 0.71875 0.755556 0 0.144444 1
2 0.95625 0.688889 0 0 1
2 0.96875 0.688889 0 0.144444 1
2 0.71875 0.733333 0 0.144444 1
2 0.96875 0.822222 0 0.144444 1
2 0.86875 0.822222 0 0.144444 1
2 0.81875 0.822222 0 0.144444 1
2 0.76875 0.822222 0 0 1
2 0.71875 0.866667 0 0 1
2 0.96875 0.8 0 0.144444 1
2 0.86875 0.8 0 0.144444 1
2 0.81875 0.8 0 0.144444 1
1 0.95625 0.755556 0 0.144444 1
2 0.71875 0.844444 0 0 1
2 0.96875 0.777778 0 0.144444 1
1 0.95625 0.777778 0 0.144444 1
2 0.86875 0.777778 0 0.144444 1
2 0.81875 0.777778 0 0.144444 1
2 0.76875 0.777778 0 0.144444 1
2 0.71875 0.777778 0 0.144444 1
2 0.95625 0.755556 0 0.144444 1
2 0.96875 0.755556 0 0.144444 1
2 0.76875 0.844444 0 0.144444 1
2 0.98125 0.577778 0 0 1
1 0.73125 0.577778 0 0 1
1 0.68125 0.577778 0.0625 0 1
2 0.98125 0.555556 0 0 1
1 0.68125 0.555556 0.0625 0 1
2 0.98125 0.533333 0 0.144444 1
1 0.68125 0.533333 0.0625 0 1
2 0.76875 0.688889 0 0.144444 1
1 0.68125 0.511111 0 0 1
2 0.98125 0.488889 0 0.144444 1
1 0.18125 0.0444444 0 0 1
0 0.16875 0.0444444 0 0 1
0 0.18125 0.0666667 0 0 1
3 0.16875 0.0666667 0 0 1
2 0.18125 0.0222222 0 0 1
0 0.18125 0.0583333 0 0.116667 1
3 0.19375 0.0444444 0 0 1
2 0.98125 0.511111 0 0.144444 1
2 0.71875 0.688889 0 0.144444 1
2 0.98125 0.666667 0 0 1
1 0.76875 0.666667 0 0.144444 1
2 0.71875 0.666667 0 0 1
1 0.66875 0.666667 0.0625 0 1
2 0.98125 0.644444 0 0 1
1 0.78125 0.688889 0 0 1
2 0.71875 0.644444 0 0 1
1 0.68125 0.644444 0.0625 0 1
2 0.98125 0.622222 0 0 1
1 0.78125 0.666667 0 0 1
1 0.71875 0.622222 0 0.144444 1
0 0.68125 0.622222 0.0625 0 1
0 0.66875 0.622222 0.0625 0.144444 1
2 0.98125 0.6 0 0 1
2 0.96875 0.6 0 0.144444 1
1 0.73125 0.6 0.0625 0 1
1 0.71875 0.6 0 0.144444 1
0 0.68125 0.644444 0 0 1
2 0.96875 0.963889 0 0.0722222 1
2 0.91875 0.963889 0 0.0722222 1
2 0.86875 1 0 0 1
2 0.80625 0.963889 0 0.0722222 1
2 0.81875 0.963889 0 0.0722222 1
2 0.78125 1 0.0625 0 1
1 0.65625 1 0.0625 0 1
1 0.66875 0.844444 0 0 1
2 0.93125 1 0.0625 0 1
2 0.91875 0.952778 0 0.0944444 1
2 0.86875 0.952778 0 0.0944444 1
2 0.80625 0.952778 0 0.0944444 1
2 0.81875 0.975 0 0.05 1
2 0.78125 0.977778 0.0625 0 1
2 0.76875 0.952778 0 0.0944444 1
2 0.975 0.955556 0.05 0.0555556 1
2 0.96875 0.941667 0 0.116667 1
2 0.96875 0.952778 0 0.0944444 1
2 0.98125 0 0 0 1
2 0.93125 0.133333 0 0 1
2 0.98125 0.111111 0 0 1
2 0.93125 0.111111 0 0 1
2 0.98125 0.0888889 0 0 1
2 0.98125 0.0666667 0 0 1
2 0.21875 0.0666667 0 0 1
2 0.98125 0.0444444 0 0 1
2 0.98125 0 0 0 1
1 0.18125 0.0444444 0 0 1
2 0.98125 0.0222222 0 0 1
3 0.18125 0.0666667 0 0 1
3 0.16875 0.0666667 0 0 1
2 0.18125 0.0666667 0 0 1
2 0.98125 0 0 0 1
0 0.18125 0.0444444 0 0 1
5 0.19375 0.0444444 0 0 1
1 0.98125 0 0 0 1
2 0.21875 0.0888889 0 0 1
2 0.975 0.888889 0.05 0 1
2 0.96875 0.888889 0 0.144444 1
2 0.86875 0.888889 0 0.144444 1
2 0.81875 0.930556 0 0.138889 1
2 0.76875 0.930556 0 0.138889 1
2 0.98125 0.866667 0 0 1
2 0.96875 0.866667 0 0.144444 1
2 0.86875 0.866667 0 0.144444 1
2 0.91875 0.941667 0 0.116667 1
2 0.76875 0.866667 0 0.144444 1
2 0.71875 0.866667 0 0.144444 1
2 0.98125 0.844444 0 0 1
2 0.96875 0.844444 0 0.144444 1
2 0.86875 0.888889 0 0.144444 1
2 0.81875 0.844444 0 0.144444 1
2 0.75625 0.844444 0 0 1
2 0.76875 0.844444 0 0.144444 1
2 0.71875 0.844444 0 0.144444 1
2 0.81875 0.866667 0 0.144444 1
2 0.86875 0.941667 0 0.116667 1
2 0.81875 0.941667 0 0.116667 1
2 0.76875 0.941667 0 0.116667 1
2 0.975 0.930556 0.05 0.138889 1
2 0.96875 0.930556 0 0.138889 1
2 0.91875 0.930556 0 0.138889 1
2 0.86875 0.930556 0 0.138889 1
2 0.81875 0.930556 0 0.138889 1
2 0.76875 0.911111 0 0 1
0 0.03125 0.933333 0.0625 0 1
0 0.025 0.933333 0.05 0 1
0 0.975 0.911111 0.05 0 1
2 0.96875 0.911111 0 0.144444 1
2 0.93125 0.911111 0.0625 0.144444 1
2 0.91875 0.911111 0 0.144444 1
2 0.86875 0.911111 0 0.144444 1
2 0.81875 0.941667 0 0.116667 1
2 0.78125 0.911111 0 0 1
2 0.76875 0.952778 0 0.0944444 1
5 0.4625 0.0777778 0 0 1
5 0.4375 0.0777778 0 0 1
5 0.103125 0.166667 0.20625 0 1
5 0.115625 0.0777778 0.23125 0 1
5 0.6125 0.122222 0 0 1
5 0.5875 0.122222 0 0 1
0 0.5625 0.122222 0 0 1
5 0.5125 0.0333333 0 0 1
1 0.78125 1 0 0 1
5 0.4625 0.0333333 0 0 1
5 0.4375 0.0333333 0 0 1
0 0.1625 0.0333333 0 0 1
1 0.1375 0.0333333 0 0 1
0 0.153125 0.122222 0.30625 0 1
1 0.1375 0.141667 0 0.283333 1
5 0.115625 0.0333333 0.23125 0 1
5 0.884375 0 0.23125 0 1
7 0.6125 0.0777778 0 0 1
5 0.4875 0.122222 0 0 1
5 0.0125 0.3 0 0 1
5 0.6125 0.255556 0 0 1
5 0.5875 0.255556 0.3875 0 1
0 0.5625 0.255556 0 0 1
5 0.5125 0.166667 0 0 1
5 0.4875 0.255556 0 0 1
5 0.103125 0.255556 0.20625 0 1
5 0.6125 0.211111 0 0 1
5 0.4875 0.166667 0 0 1
0 0.5625 0.211111 0 0 1
5 0.5125 0.122222 0 0 1
5 0.4875 0.211111 0 0 1
5 0.4625 0.122222 0 0 1
5 0.103125 0.230556 0.20625 0.461111 1
5 0.6125 0.166667 0 0 1
5 0.5875 0.166667 0 0 1
0 0.5625 0.166667 0 0 1
5 0.5125 0.0777778 0 0 1
5 0.5875 0.211111 0 0 1
5 0.3375 0 0 0 1
6 0.3125 0 0 0 1
5 0.2875 0 0 0 1
5 0.3125 0.0333333 0 0 1
0 0.2375 0.0333333 0 0 1
5 0.1625 0.0333333 0 0 1
0 0.0875 0.141667 0 0.283333 1
0 0.1125 0.0333333 0 0 1
5 0.5875 0.0777778 0 0 1
5 0.0125 0 0 0 1
5 0.0375 0.0333333 0 0 1
2 0.6125 0.7 0.1875 0 1
2 0.6125 0.477778 0.1875 0.677778 1
0 0.1625 0.0333333 0 0 1
1 0.1375 0.186111 0 0.372222 1
5 0.1625 0 0 0 1
2 0.1875 0.0777778 0 0 1
7 0.6125 0.0333333 0.1875 0 1
6 0.140625 0 0.28125 0 1
0 0.5125 0 0 0 1
0 0.4875 0.0777778 0 0 1
5 0.4625 0 0 0 1
5 0.4375 0 0 0 1
5 0.4125 0 0 0 1
5 0.3875 0 0 0 1
5 0.3375 0 0 0 1
5 0.1625 0.0777778 0 0 1
5 0.3625 0 0 0 1
0 0.1375 0.163889 0 0.327778 1
5 0.0125 0.0777778 0 0 1
5 0 0.119444 0 0.238889 1
5 0.884375 0.0333333 0.23125 0 1
5 0.5125 0.0333333 0 0 1
5 0.4875 0.0333333 0 0 1
5 0.4625 0.0333333 0 0 1
5 0.4375 0 0 0 1
5 0.3875 0 0 0 1
0 0.153125 0.0777778 0.30625 0 1
5 0.5875 0.611111 0.3875 0 1
5 0.4875 0.611111 0 0 1
5 0.0125 0.522222 0 0 1
5 0.6125 0.566667 0 0 1
5 0.5875 0.566667 0.3875 0 1
5 0.5625 0.566667 0 0 1
5 0.0125 0.477778 0 0 1
5 0.6125 0.522222 0 0 1
5 0.4875 0.3 0 0 1
0 0.5625 0.522222 0 0 1
5 0.5125 0.522222 0 0 1
5 0.4875 0.522222 0 0 1
5 0.4625 0.433333 0 0 1
5 0.0625 0.433333 0 0 1
5 0.0375 0.433333 0 0 1
5 0.0125 0.433333 0 0 1
5 0 0.433333 0 0 1
5 0.6125 0.477778 0 0 1
5 0.5875 0.522222 0.3875 0 1
1 0.0125 0.611111 0 0 1
0 0.1625 0.0333333 0 0 1
1 0.1375 0.122222 0 0 1
5 0.2125 0 0 0 1
1 0.1125 0.0777778 0 0 1
1 0.0875 0.0777778 0 0 1
5 0.889063 0.0333333 0.221875 0 1
0 0.6125 0.7 0.3875 0 1
5 0.6125 0.522222 0 0 1
7 0.5625 0.655556 0 0 1
1 0.6125 0.611111 0.3875 0 1
1 0.5875 0.611111 0.3875 0 1
5 0.5625 0.611111 0 0 1
5 0.5375 0.611111 0 0 1
1 0.6125 0.655556 0.3875 0 1
1 0.5875 0.655556 0.3875 0 1
5 0.5625 0.655556 0 0 1
5 0.5375 0.655556 0 0 1
7 0.5625 0.7 0 0 1
5 0.5875 0.344444 0.3875 0 1
5 0.5625 0.344444 0 0 1
5 0.5125 0.255556 0 0 1
5 0.4875 0.344444 0 0 1
5 0.2625 0.255556 0.3875 0 1
5 0.2375 0.255556 0.3875 0 1
7 0.2125 0.255556 0.3875 0 1
7 0.190625 0.255556 0.38125 0 1
5 0.5875 0.477778 0.3875 0 1
0 0.1375 0.255556 0 0 1
0 0.1125 0.255556 0 0 1
0 0.0875 0.255556 0 0 1
7 0.0625 0.255556 0 0 1
5 0.115625 0.255556 0.23125 0 1
5 0.0125 0.255556 0 0 1
5 0.5875 0.3 0.3875 0 1
5 0.5625 0.3 0 0 1
5 0.5125 0.211111 0 0 1
7 0.178125 0.255556 0.35625 0 1
0 0.5625 0.477778 0 0 1
5 0.5125 0.388889 0 0 1
5 0.4875 0.477778 0 0 1
0 0.0625 0.388889 0 0 1
0 0.0375 0.477778 0 0 1
5 0.0125 0.388889 0 0 1
5 0 0.388889 0 0 1
5 0.5875 0.433333 0.3875 0 1
5 0.090625 0.3 0.18125 0 1
5 0.5125 0.344444 0 0 1
5 0.4875 0.433333 0 0 1
5 0.4625 0.344444 0 0 1
5 0.0125 0.344444 0 0 1
5 0.5875 0.388889 0.3875 0 1
5 0.5625 0.388889 0 0 1
5 0.5125 0.3 0 0 1
5 0.4875 0.388889 0 0 1
0 0.0125 0.3 0 0 1
0 0.5625 0.433333 0 0 1
3 0.60625 0.711111 0.20625 0 1
2 0.95625 0.733333 0 0 1
1 0.76875 0.733333 0 0 1
2 0.71875 0.733333 0 0 1
2 0.98125 0.666667 0 0 1
1 0.76875 0.711111 0 0 1
2 0.71875 0.711111 0 0 1
1 0.66875 0.711111 0 0 1
5 0.2125 0.0333333 0 0 1
3 0.61875 0.666667 0.20625 0 1
2 0.939062 0.644444 0.121875 0 1
1 0.78125 0.688889 0.20625 0 1
1 0.66875 0.644444 0.20625 0 1
1 0.66875 0.644444 0 0 1
2 0.61875 0.644444 0.20625 0 1
1 0.78125 0.666667 0 0 1
1 0.66875 0.666667 0 0 1
2 0.63125 0.666667 0.20625 0 1
3 0.63125 0.666667 0.20625 0 1
2 0.76875 0.8 0 0 1
2 0.71875 0.8 0 0 1
2 0.95625 0.777778 0 0 1
2 0.96875 0.733333 0 0.255556 1
7 0.88125 0.733333 0 0 1
1 0.81875 0.777778 0 0 1
1 0.75625 0.733333 0 0 1
2 0.76875 0.777778 0 0 1
3 0.61875 0.711111 0.20625 0 1
3 0.63125 0.733333 0.20625 0 1
3 0.61875 0.733333 0.20625 0 1
3 0.60625 0.777778 0.20625 0 1
2 0.95625 0.755556 0 0 1
1 0.80625 0.711111 0 0 1
1 0.75625 0.755556 0 0 1
2 0.76875 0.755556 0 0 1
2 0.71875 0.755556 0 0 1
3 0.63125 0.711111 0.20625 0 1
2 0.71875 0.777778 0 0 1
2 0.23125 0.0888889 0 0 1
2 0.21875 0.108333 0 0.216667 1
1 0.18125 0.0444444 0 0 1
6 0.16875 0.0444444 0 0 1
1 0.70625 0.0666667 0.20625 0 1
3 0.18125 0.0666667 0 0 1
3 0.16875 0.0666667 0 0 1
2 0.18125 0.0666667 0 0 1
2 0.61875 0.666667 0.20625 0 1
1 0.70625 0.0444444 0.20625 0 1
3 0.18125 0.0444444 0 0 1
5 0.19375 0.0444444 0 0 1
2 0.98125 0 0 0 1
2 0.96875 0.916667 0 0.166667 1
2 0.91875 1 0 0 1
2 0.86875 1 0 0 1
2 0.80625 1 0 0 1
2 0.81875 1 0 0 1
1 0.89375 0.0861111 0.20625 0.172222 1
1 0.73125 0.644444 0.20625 0 1
1 0.66875 0.644444 0 0 1
1 0.73125 0.622222 0.20625 0 1
2 0.939062 0.555556 0.121875 0 1
1 0.73125 0.555556 0.20625 0 1
2 0.98125 0.533333 0 0 1
2 0.98125 0.555556 0 0 1
2 0.98125 0.533333 0 0 1
2 0.21875 0.0666667 0.20625 0 1
2 0.939062 0.488889 0.121875 0 1
2 0.939062 0.466667 0.121875 0 1
2 0.939062 0.444444 0.121875 0 1
2 0.914062 0.155556 0.171875 0 1
2 0.939062 0.177778 0.121875 0 1
2 0.914062 0.133333 0.171875 0 1
2 0.939062 0.155556 0.121875 0 1
2 0.939062 0.133333 0.121875 0 1
2 0.939062 0.111111 0.121875 0 1
2 0.939062 0.511111 0.121875 0 1
2 0.56875 1 0.20625 0 1
3 0.55625 1 0.20625 0 1
2 0.54375 1 0.20625 0 1
3 0.53125 1 0.20625 0 1
3 0.51875 1 0.20625 0 1
2 0.96875 0.913889 0 0.172222 1
2 0.91875 0.913889 0 0.172222 1
2 0.81875 0.913889 0 0.172222 1
2 0.81875 0.8 0 0 1
2 0.98125 0.933333 0 0 1
2 0.96875 0.977778 0 0 1
2 0.91875 0.933333 0 0 1
2 0.86875 0.933333 0 0 1
2 0.81875 0.977778 0 0 1
2 0.76875 0.925 0 0.15 1
0 0.55625 0.933333 0.20625 0 1
0 0.54375 0.933333 0 0 1
0 0.0671875 0.933333 0.134375 0 1
2 0.76875 0.913889 0 0.172222 1
2 0.96875 0.936111 0 0.127778 1
2 0.91875 1 0 0 1
2 0.80625 1 0 0 1
2 0.81875 1 0 0 1
1 0.78125 1 0.20625 0 1
2 0.76875 1 0.20625 0 1
1 0.65625 1 0.20625 0 1
2 0.60625 1 0.20625 0 1
2 0.58125 1 0.20625 0 1
2 0.55625 1 0.20625 0 1
2 0.54375 1 0.20625 0 1
2 0.96875 0.966667 0 0.0666667 1
2 0.914062 1 0.171875 0 1
2 0.91875 1 0 0 1
2 0.80625 0.977778 0 0 1
2 0.81875 1 0 0 1
2 0.76875 1 0.20625 0 1
3 0.60625 0.977778 0.20625 0 1
2 0.56875 1 0.20625 0 1
2 0.71875 0.888889 0 0 1
1 0.66875 0.888889 0 0 1
2 0.86875 0.822222 0 0 1
2 0.81875 0.822222 0 0 1
2 0.76875 0.866667 0 0 1
2 0.66875 0.866667 0.20625 0 1
2 0.96875 0.8 0 0.255556 1
2 0.81875 0.8 0 0 1
0 0.01875 0.933333 0 0 1
2 0.71875 0.844444 0 0 1
2 0.68125 0.844444 0.20625 0 1
2 0.96875 0.777778 0 0.255556 1
2 0.81875 0.777778 0 0 1
2 0.76875 0.777778 0 0 1
2 0.71875 0.777778 0 0 1
2 0.95625 0.755556 0 0 1
2 0.96875 0.755556 0 0.255556 1
7 0.88125 0.755556 0 0 1
2 0.76875 0.844444 0 0 1
2 0.96875 0.891667 0 0.216667 1
2 0.91875 0.913889 0 0.172222 1
2 0.86875 0.911111 0 0 1
2 0.81875 0.955556 0 0 1
3 0.76875 0.911111 0.20625 0 1
2 0.78125 0.911111 0.20625 0 1
2 0.939062 0.888889 0.121875 0 1
2 0.96875 0.902778 0 0.194444 1
2 0.86875 0.933333 0 0 1
2 0.76875 0.888889 0 0 1
3 0.76875 0.888889 0.20625 0 1
2 0.939062 0.866667 0.121875 0 1
2 0.96875 0.866667 0 0.255556 1
2 0.86875 0.911111 0 0 1
2 0.81875 0.866667 0 0.255556 1
2 0.96875 0.844444 0 0.255556 1
2 0.86875 0.888889 0 0 1
2 0.81875 0.888889 0 0 1
2 0.75625 0.844444 0 0 1
2 0.81875 0.933333 0 0 1
