2 0.895703 0.471528 0.199219 0.923611 0.765431
5 0.432031 0.213194 0 0.00138889 0.867534
8 0.40625 0.223611 0 0 0.925563
0 0.40625 0.244444 0.0234375 0 0.952709
2 0.398047 0.254167 0.00078125 0.00833333 0.991712
5 0.403906 0.211806 0 0.0263889 0.995039
8 0.395312 0.244444 0 0 0.996211
8 0.40625 0.222222 0 0 0.99651
3 0.397656 0.244444 0 0 0.999986
5 0.405469 0.225694 0 0.00138889 0.99999
0 0.40625 0.244444 0 0.0361111 0.999994
3 0.39375 0.244444 0 0 0.999999
8 0.40625 0.265278 0 0 1
5 0.39375 0.238889 0 0 1
5 0.39375 0.223611 0 0 1
8 0.40625 0.241667 0 0 1
8 0.40625 0.252778 0 0 1
5 0.39375 0.266667 0 0 1
