5 0.3875 0.769444 0 0.461111 1
5 0.6375 0.922222 0.1875 0 1
5 0.3875 0.747222 0 0.505556 1
2 0.8625 0.788889 0 0 1
2 0.7875 0.788889 0 0 1
0 0.15625 0.0138889 0 0.0277778 1
5 0.3875 0.725 0 0.55 1
2 0.8625 0.744444 0 0 1
2 0.8375 0.744444 0 0 1
2 0.8125 0.833333 0.1875 0 1
2 0.7875 0.833333 0 0 1
2 0.7625 0.833333 0 0 1
2 0.7375 0.833333 0 0 1
2 0.5125 0.702778 0.1875 0.594444 1
5 0.4125 0.702778 0 0.594444 1
5 0.4125 0.725 0.1875 0.55 1
1 0.2625 0.3 0 0.5 1
1 0.2375 0.3 0.3875 0 1
5 0.3625 0.255556 0 0 1
5 0.3375 0.255556 0 0 1
0 0.3875 0.211111 0 0 1
5 0.3375 0.211111 0 0 1
5 0.2875 0.211111 0 0 1
2 0.8875 0.966667 0 0 1
2 0.7625 0.966667 0 0 1
3 0.7875 0.966667 0.1875 0 1
2 0.7625 0.813889 0 0.372222 1
5 0.6625 0.966667 0.1875 0 1
2 0.6125 0.813889 0.1875 0.372222 1
2 0.4875 0.813889 0.1875 0.372222 1
2 0.8875 0.922222 0 0 1
0 0.7625 1 0.1875 0 1
0 0.7375 1 0.1875 0 1
0 0.7125 1 0.1875 0 1
3 0.6625 1 0.1875 0 1
3 0.6125 0.791667 0.1875 0.416667 1
7 0.6125 0.922222 0.1875 0 1
2 0.8875 0.877778 0.1875 0 1
2 0.8625 0.877778 0 0 1
5 0.6625 0.966667 0.1875 0 1
0 0.5875 0.813889 0.1875 0.372222 1
3 0.6125 0.3 0 0 1
3 0.5875 0.3 0 0 1
3 0.5625 0.3 0 0 1
3 0.5375 0.3 0 0 1
3 0.5125 0.3 0 0 1
3 0.4875 0.3 0 0 1
3 0.4625 0.3 0 0 1
3 0.4125 0.3 0 0 1
3 0.3875 0.3 0 0 1
3 0.3625 0.3 0.1875 0 1
5 0.3875 0.702778 0 0.594444 1
4 0.11875 1 0.20625 0 1
3 0.15625 0.977778 0.20625 0 1
3 0.75625 0.955556 0.20625 0 1
1 0.73125 1 0.20625 0 1
1 0.71875 1 0.20625 0 1
1 0.68125 1 0 0 1
1 0.66875 1 0.20625 0 1
2 0.7375 0.788889 0 0 1
3 0.4875 0.680556 0.1875 0.638889 1
5 0.4125 0.680556 0 0.638889 1
5 0.3875 0.680556 0 0.638889 1
2 0.7125 0.655556 0.1875 0.677778 1
3 0.6625 0.655556 0.1875 0.677778 1
2 0.6375 0.655556 0.1875 0.677778 1
5 0.4125 0.655556 0 0.677778 1
5 0.4375 0.655556 0 0.677778 1
5 0.4125 0.611111 0 0.677778 1
3 0.3875 0.611111 0 0.677778 1
5 0.4125 0.566667 0 0.677778 1
3 0.6375 0.3 0 0 1
3 0.9625 0.3 0 0 1
3 0.9375 0.3 0 0 1
3 0.9125 0.3 0 0 1
3 0.8875 0.3 0 0 1
3 0.8625 0.3 0 0 1
3 0.8375 0.3 0 0 1
3 0.8125 0.3 0 0 1
3 0.7875 0.3 0 0 1
3 0.7625 0.3 0 0 1
3 0.7375 0.3 0 0 1
3 0.7125 0.3 0 0 1
3 0.6875 0.3 0 0 1
3 0.6625 0.3 0 0 1
3 0.3875 0.566667 0 0.677778 1
5 0.6875 0.477778 0.3875 0 1
5 0.6625 0.477778 0.3875 0 1
5 0.6375 0.477778 0.3875 0 1
5 0.6125 0.477778 0.3875 0 1
5 0.5875 0.477778 0.3875 0 1
5 0.5625 0.477778 0.3875 0 1
5 0.5375 0.477778 0.3875 0 1
5 0.5125 0.477778 0.3875 0 1
5 0.4875 0.477778 0.3875 0 1
5 0.4625 0.477778 0 0 1
5 0.4375 0.477778 0 0 1
5 0.4125 0.477778 0 0 1
0 0.2875 0.3 0 0.5 1
5 0.3125 0.477778 0 0 1
5 0.2875 0.477778 0 0 1
0 0.9625 0.433333 0 0 1
0 0.2875 0.433333 0 0 1
0 0.9625 0.388889 0 0 1
5 0.9375 0.388889 0 0 1
0 0.4875 0.388889 0 0 1
0 0.3375 0.388889 0 0.5 1
0 0.3125 0.388889 0 0 1
0 0.2875 0.388889 0 0 1
3 0.9625 0.255556 0 0.5 1
3 0.9375 0.255556 0 0.5 1
5 0.4375 0.477778 0 0 1
5 0.7125 0.522222 0.3875 0 1
5 0.6875 0.522222 0.3875 0 1
5 0.6625 0.522222 0.3875 0 1
5 0.6375 0.522222 0.3875 0 1
5 0.6125 0.522222 0.3875 0 1
5 0.5875 0.522222 0 0 1
5 0.5625 0.522222 0 0 1
5 0.5375 0.522222 0.3875 0 1
5 0.5125 0.522222 0.3875 0 1
5 0.4875 0.522222 0 0 1
5 0.4625 0.522222 0 0 1
5 0.4375 0.522222 0 0 1
5 0.7125 0.477778 0.3875 0 1
5 0.3875 0.522222 0 0 1
5 0.3125 0.522222 0 0 1
5 0.2875 0.522222 0 0 1
3 0.9625 0.477778 0 0 1
5 0.9375 0.477778 0 0 1
5 0.9125 0.477778 0 0 1
5 0.8875 0.477778 0 0 1
5 0.8625 0.477778 0 0 1
5 0.821875 0.477778 0.35625 0 1
5 0.809375 0.477778 0.38125 0 1
5 0.7875 0.477778 0.3875 0 1
5 0.7625 0.477778 0.3875 0 1
5 0.7375 0.477778 0.3875 0 1
5 0.4125 0.522222 0 0 1
5 0.9125 0.3 0 0.5 1
5 0.8875 0.3 0 0.5 1
5 0.8625 0.3 0 0.5 1
5 0.8375 0.3 0 0 1
5 0.8125 0.3 0 0 1
5 0.7875 0.3 0 0 1
5 0.7625 0.3 0 0 1
5 0.7375 0.3 0 0 1
5 0.7125 0.3 0 0 1
5 0.6875 0.3 0 0 1
5 0.6625 0.3 0 0 1
5 0.6375 0.3 0 0 1
3 0.9125 0.255556 0 0 1
5 0.5875 0.3 0 0 1
5 0.5625 0.3 0 0 1
5 0.5375 0.3 0 0 1
5 0.5125 0.3 0 0.5 1
5 0.4875 0.3 0 0.5 1
5 0.4625 0.3 0 0.5 1
5 0.4375 0.3 0 0 1
5 0.4125 0.3 0 0 1
5 0.3875 0.3 0 0 1
5 0.3625 0.3 0 0.5 1
5 0.3375 0.3 0 0.5 1
5 0.3125 0.3 0 0.5 1
5 0.6125 0.3 0 0 1
3 0.8875 0.255556 0 0 1
5 0.8625 0.344444 0 0 1
5 0.8375 0.344444 0 0 1
5 0.8125 0.344444 0 0 1
5 0.7875 0.344444 0 0 1
5 0.7625 0.344444 0 0 1
5 0.7375 0.344444 0 0 1
5 0.7125 0.344444 0 0 1
5 0.6875 0.344444 0 0 1
5 0.6625 0.344444 0 0 1
5 0.6375 0.344444 0 0 1
5 0.6125 0.344444 0 0 1
3 0.9375 0.3 0 0.5 1
5 0.5625 0.344444 0 0 1
5 0.5375 0.344444 0 0 1
5 0.5125 0.344444 0 0 1
5 0.4875 0.344444 0 0 1
5 0.4625 0.255556 0 0 1
5 0.4375 0.344444 0 0 1
5 0.4125 0.255556 0 0 1
5 0.3875 0.255556 0 0 1
5 0.3625 0.255556 0 0 1
3 0.3375 0.344444 0 0.5 1
3 0.3125 0.344444 0 0.5 1
0 0.2875 0.344444 0 0.5 1
5 0.2625 0.344444 0 0 1
5 0.5875 0.344444 0 0 1
2 0.11875 0.111111 0 0 1
2 0.14375 0.133333 0 0 1
8 0.15625 0.0888889 0 0 1
2 0.14375 0.0888889 0 0 1
4 0.15625 0.111111 0 0 1
1 0.43125 0.0222222 0 0 1
1 0.41875 0.0222222 0 0 1
2 0.15625 0.0666667 0 0 1
3 0.16875 0.0666667 0 0 1
1 0.49375 0.0444444 0 0 1
1 0.50625 0.0444444 0 0 1
1 0.43125 0.0444444 0 0 1
0 0.15625 0 0.1 0 1
3 0.15625 0.0222222 0 0 1
3 0.14375 0.0222222 0 0 1
0 0.14375 0 0.1 0 1
3 0.15625 0 0 0 1
3 0.14375 0 0 0 1
3 0.28125 0.975 0.0625 0.05 1
1 0.70625 0.955556 0 0 1
1 0.71875 0.955556 0.0625 0 1
1 0.41875 0.0444444 0 0 1
1 0.15625 0.355556 0 0 1
1 0.14375 0.355556 0 0 1
2 0.15625 0.333333 0 0 1
2 0.14375 0.333333 0 0 1
4 0.11875 0.333333 0 0 1
2 0.15625 0.311111 0.1 0 1
2 0.14375 0.311111 0 0 1
2 0.11875 0.311111 0 0 1
2 0.14375 0.288889 0 0 1
2 0.11875 0.288889 0 0 1
2 0.14375 0.155556 0 0 1
2 0.11875 0.266667 0 0 1
2 0.15625 0.244444 0.1 0.333333 1
2 0.14375 0.244444 0 0 1
2 0.11875 0.244444 0 0 1
2 0.15625 0.222222 0.1 0 1
2 0.14375 0.222222 0 0 1
2 0.11875 0.177778 0 0 1
2 0.15625 0.2 0 0 1
2 0.11875 0.155556 0 0 1
2 0.14375 0.177778 0 0 1
6 0.15625 0.133333 0.1 0 1
2 0.11875 0.133333 0 0 1
2 0.14375 0.266667 0 0 1
2 0.11875 0.2 0 0.144444 1
2 0.11875 0.177778 0 0.144444 1
2 0.11875 0.155556 0 0.144444 1
2 0.11875 0.133333 0 0.144444 1
3 0.14375 0.155556 0 0 1
2 0.11875 0.111111 0 0.144444 1
3 0.16875 0.0888889 0 0 1
0 0.15625 0.0888889 0 0 1
0 0.14375 0.0888889 0 0.144444 1
3 0.14375 0.0666667 0 0 1
5 0.15625 0.0666667 0 0 1
1 0.68125 1 0 0 1
1 0.48125 0.0222222 0 0 1
1 0.45625 0.0222222 0 0 1
1 0.44375 0.0222222 0 0 1
2 0.15625 0.0666667 0 0 1
3 0.16875 0.0666667 0 0 1
1 0.50625 0.0444444 0.0625 0 1
1 0.45625 0.0444444 0.0625 0 1
1 0.44375 0.0444444 0.0625 0 1
0 0.15625 0 0.0625 0 1
0 0.14375 0.0222222 0 0 1
5 0.15625 0.0222222 0.0625 0 1
0 0.14375 0 0 0 1
3 0.14375 0.0888889 0 0 1
1 0.66875 0.955556 0 0 1
1 0.73125 0.977778 0 0 1
1 0.71875 0.977778 0.0625 0 1
1 0.68125 0.977778 0 0 1
1 0.66875 0.977778 0 0 1
3 0.26875 0.952778 0.0625 0.0944444 1
1 0.68125 0.955556 0 0 1
1 0.14375 0.866667 0.0625 0 1
1 0.14375 0.577778 0 0.144444 1
2 0.14375 0.244444 0.0625 0.144444 1
2 0.19375 0.355556 0.0625 0.144444 1
2 0.15625 0.333333 0.0625 0 1
2 0.14375 0.333333 0.0625 0 1
2 0.14375 0.311111 0.0625 0.144444 1
2 0.11875 0.266667 0 0.144444 1
2 0.11875 0.244444 0 0.144444 1
2 0.11875 0.222222 0 0.144444 1
2 0.23125 0.377778 0.0625 0.144444 1
3 0.15625 0.355556 0 0 1
3 0.14375 0.355556 0 0 1
3 0.28125 0.333333 0.20625 0 1
2 0.15625 0.333333 0 0 1
2 0.14375 0.333333 0 0 1
3 0.11875 0.333333 0 0 1
3 0.28125 0.311111 0.20625 0 1
2 0.15625 0.311111 0 0 1
2 0.14375 0.288889 0 0 1
2 0.11875 0.288889 0 0 1
2 0.15625 0.266667 0.20625 0.255556 1
2 0.14375 0.266667 0 0 1
2 0.11875 0.266667 0 0 1
2 0.15625 0.244444 0.20625 0 1
2 0.14375 0.244444 0 0 1
2 0.11875 0.244444 0 0 1
2 0.18125 0.222222 0.20625 0 1
2 0.14375 0.222222 0 0 1
2 0.14375 0.177778 0 0 1
6 0.15625 0.177778 0.20625 0 1
2 0.14375 0.311111 0 0 1
1 0.14375 1 0 0 1
0 0.75625 0.977778 0.20625 0 1
1 0.71875 0.977778 0.20625 0 1
1 0.68125 0.977778 0.20625 0 1
1 0.66875 0.977778 0.20625 0 1
3 0.60625 0.925 0.20625 0.15 1
3 0.59375 0.880556 0.20625 0.238889 1
4 0.15625 0.933333 0.20625 0 1
1 0.14375 0.866667 0.20625 0 1
1 0.14375 0.888889 0.20625 0 1
5 0.14375 0.6 0 0 1
1 0.14375 0.555556 0 0 1
1 0.14375 0.488889 0 0 1
1 0.14375 0.466667 0 0 1
2 0.21875 0.377778 0.20625 0.255556 1
3 0.26875 0.902778 0.20625 0.194444 1
1 0.14375 0.866667 0 0 1
1 0.14375 0.844444 0.1 0 1
4 0.15625 0.844444 0.1 0 1
1 0.14375 0.822222 0 0 1
4 0.15625 0.822222 0.1 0 1
1 0.14375 0.8 0 0 1
1 0.14375 0.777778 0 0 1
1 0.14375 0.755556 0 0 1
1 0.14375 0.733333 0 0 1
1 0.14375 0.711111 0 0 1
1 0.14375 0.688889 0 0 1
1 0.14375 0.666667 0 0 1
2 0.11875 0.155556 0 0 1
1 0.14375 0.622222 0 0 1
1 0.14375 0.6 0 0 1
1 0.14375 0.577778 0 0 1
2 0.21875 0.355556 0.1 0.333333 1
1 0.14375 0.644444 0 0 1
0 0.11875 0.0888889 0 0 1
5 0.15625 0.111111 0 0 1
6 0.43125 0.0222222 0 0 1
6 0.44375 0.0222222 0 0 1
2 0.15625 0.0666667 0 0 1
2 0.16875 0.0666667 0 0 1
1 0.43125 0.0444444 0 0 1
1 0.41875 0.0444444 0 0 1
0 0.15625 0 0.20625 0 1
0 0.14375 0.0222222 0 0 1
0 0.14375 0 0.20625 0 1
3 0.14375 0 0 0 1
1 0.15625 0.888889 0.1 0 1
1 0.14375 1 0.1 0 1
3 0.28125 0.977778 0.1 0 1
3 0.26875 0.977778 0.1 0 1
3 0.81875 0.955556 0.1 0 1
1 0.71875 1 0.1 0 1
1 0.68125 1 0 0 1
1 0.66875 1 0 0 1
3 0.26875 1 0.1 0 1
1 0.71875 0.977778 0.1 0 1
1 0.68125 0.977778 0 0 1
2 0.26875 0.888889 0.1 0 1
1 0.15625 0.911111 0.1 0 1
1 0.14375 0.844444 0.1 0 1
3 0.26875 1 0.1 0 1
5 0.3875 0.611111 0 0 1
5 0.3125 0.611111 0 0 1
5 0.2875 0.611111 0 0 1
1 0.9125 0.566667 0 0 1
1 0.8875 0.566667 0 0 1
1 0.8625 0.566667 0 0 1
1 0.8375 0.566667 0 0 1
1 0.8125 0.566667 0 0 1
1 0.7875 0.566667 0 0 1
5 0.7625 0.566667 0 0 1
1 0.7375 0.566667 0 0 1
1 0.7125 0.566667 0 0 1
5 0.7375 0.522222 0.3875 0 1
1 0.6625 0.566667 0 0 1
1 0.6375 0.566667 0 0 1
1 0.6125 0.566667 0 0 1
1 0.5875 0.566667 0 0 1
1 0.4875 0.566667 0 0 1
1 0.4625 0.566667 0 0 1
1 0.4375 0.566667 0 0 1
5 0.4125 0.566667 0 0 1
1 0.3875 0.566667 0 0 1
5 0.3125 0.566667 0 0 1
5 0.2875 0.566667 0 0 1
1 0.6125 0.522222 0 0 1
1 0.6875 0.566667 0 0 1
5 0.5125 0.655556 0 0 1
5 0.4875 0.566667 0 0 1
5 0.4625 0.566667 0 0 1
5 0.4375 0.566667 0 0 1
5 0.4125 0.655556 0 0 1
5 0.4375 0.655556 0 0 1
1 0.9125 0.611111 0 0 1
1 0.8875 0.611111 0 0 1
1 0.8625 0.611111 0 0 1
1 0.8375 0.611111 0 0 1
1 0.8125 0.611111 0 0 1
1 0.7875 0.611111 0 0 1
5 0.4125 0.611111 0 0 1
1 0.7375 0.611111 0 0 1
1 0.7125 0.611111 0 0 1
1 0.6875 0.611111 0 0 1
1 0.6625 0.611111 0 0 1
1 0.6375 0.611111 0 0 1
1 0.6125 0.611111 0 0 1
1 0.5875 0.611111 0 0 1
1 0.5625 0.611111 0 0 1
1 0.5375 0.611111 0 0 1
5 0.4875 0.611111 0 0 1
5 0.4625 0.611111 0 0 1
5 0.4375 0.611111 0 0 1
1 0.7625 0.611111 0 0 1
0 0.7875 1 0 0 1
0 0.7625 1 0 0 1
0 0.7375 1 0 0 1
0 0.7125 0.880556 0.3875 0.238889 1
1 0.6625 1 0.3875 0 1
0 0.6875 1 0.3875 0 1
3 0.6125 1 0.3875 0 1
0 0.6375 1 0.3875 0 1
7 0.6125 1 0 0 1
1 0.5125 1 0 0 1
5 0.5375 1 0.3875 0 1
5 0.5125 0.922222 0.3875 0 1
1 0.5875 0.522222 0 0 1
1 0.4125 0.836111 0 0.327778 1
1 0.4375 0.836111 0 0.327778 1
3 0.9625 0.877778 0 0 1
3 0.9375 0.966667 0 0 1
1 0.9125 0.966667 0 0 1
0 0.8875 0.966667 0 0 1
0 0.8625 0.966667 0 0 1
0 0.8375 0.966667 0 0 1
0 0.7625 0.858333 0 0.283333 1
0 0.7375 0.858333 0 0.283333 1
5 0.7125 0.966667 0 0 1
5 0.6625 0.966667 0 0 1
1 0.4875 0.836111 0 0.327778 1
1 0.5625 0.522222 0 0 1
1 0.4125 0.522222 0 0 1
1 0.3875 0.522222 0 0 1
5 0.3125 0.522222 0 0 1
5 0.2875 0.522222 0 0 1
5 0.2875 0.477778 0 0 1
5 0.3875 0.255556 0 0 1
5 0.9625 0.3 0 0 1
5 0.4125 0.3 0 0 1
5 0.3875 0.3 0 0 1
5 0.2875 0.3 0 0 1
1 0.3125 0.3 0 0 1
0 0.8625 1 0 0 1
1 0.8875 0.966667 0 0 1
0 0.8625 0.966667 0 0 1
0 0.7375 0.966667 0 0 1
5 0.7125 0.966667 0 0 1
1 0.6875 0.966667 0.3875 0 1
1 0.6625 0.966667 0 0 1
0 0.6125 0.966667 0.3875 0 1
0 0.6375 0.966667 0.3875 0 1
3 0.5375 0.966667 0.3875 0 1
3 0.9375 0.922222 0 0 1
1 0.9125 1 0 0 1
0 0.8875 1 0 0 1
1 0.9125 0.966667 0 0 1
5 0.3875 0.922222 0 0 1
5 0.5125 0.877778 0 0 1
1 0.4875 0.877778 0.36875 0 1
5 0.4625 0.877778 0.36875 0 1
1 0.4375 0.788889 0 0 1
5 0.4125 0.877778 0 0 1
5 0.3875 0.877778 0 0 1
1 0.8375 0.833333 0 0 1
1 0.8125 0.833333 0 0 1
1 0.7625 0.833333 0 0 1
2 0.7875 0.833333 0 0 1
5 0.5125 0.833333 0 0 1
3 0.5375 0.655556 0 0 1
5 0.4625 0.833333 0 0 1
5 0.4375 0.744444 0 0 1
5 0.4125 0.833333 0 0 1
5 0.4375 0.833333 0 0 1
1 0.9125 0.788889 0 0 1
1 0.8375 0.788889 0 0 1
1 0.7375 0.788889 0 0 1
1 0.6625 0.788889 0.36875 0 1
1 0.6375 0.788889 0.36875 0 1
1 0.6125 0.788889 0.36875 0 1
5 0.5125 0.788889 0 0 1
5 0.4875 0.788889 0 0 1
1 0.4875 0.833333 0 0 1
3 0.725 0.9 0 0 1
1 0.7875 0.966667 0 0 1
5 0.7625 0.966667 0 0 1
0 0.6375 0.966667 0.36875 0 1
2 0.5375 0.966667 0.36875 0 1
5 0.3875 0.966667 0 0 1
0 0.7625 1 0 0 1
5 0.7875 1 0 0 1
0 0.7625 1 0.36875 0 1
1 0.7125 1 0.36875 0 1
3 0.6125 0.922222 0.36875 0 1
0 0.6375 0.675 0.36875 0.65 1
5 0.4125 0.922222 0 0 1
1 0.4625 0.922222 0.36875 0 1
1 0.4125 1 0 0 1
1 0.3875 1 0 0 1
5 0.6125 0.966667 0 0 1
1 0.6375 0.966667 0 0 1
5 0.4875 0.966667 0.36875 0 1
1 0.5125 0.966667 0.36875 0 1
1 0.4375 0.877778 0 0 1
5 0.4125 0.966667 0 0 1
5 0.3875 0.966667 0 0 1
5 0.4875 0.922222 0.36875 0 1
5 0.5125 0.922222 0.36875 0 1
1 0.4375 0.833333 0 0 1
5 0.4875 1 0.36875 0 1
5 0.7125 0.611111 0 0 1
5 0.6875 0.611111 0 0 1
5 0.6625 0.611111 0 0 1
5 0.6375 0.611111 0 0 1
5 0.6125 0.7 0 0 1
5 0.5875 0.7 0 0 1
5 0.5625 0.7 0 0 1
5 0.5375 0.611111 0 0 1
5 0.5125 0.7 0 0 1
5 0.4875 0.611111 0 0 1
5 0.4625 0.611111 0 0 1
5 0.4375 0.611111 0 0 1
5 0.4625 0.788889 0 0 1
5 0.4375 0.7 0 0 1
5 0.8125 0.655556 0 0 1
5 0.7875 0.655556 0 0 1
5 0.7625 0.655556 0 0 1
5 0.7375 0.655556 0 0 1
5 0.7125 0.655556 0 0 1
5 0.6875 0.655556 0 0 1
5 0.6625 0.655556 0 0 1
5 0.6375 0.655556 0 0 1
5 0.6125 0.655556 0 0 1
5 0.5875 0.655556 0 0 1
5 0.5625 0.655556 0 0 1
5 0.4125 0.7 0 0 1
5 0.4375 0.788889 0 0 1
5 0.4125 0.788889 0 0 1
5 0.4375 0.788889 0 0 1
1 0.9125 0.744444 0 0 1
1 0.8875 0.744444 0 0 1
1 0.7375 0.744444 0 0 1
1 0.7125 0.744444 0 0 1
1 0.6875 0.744444 0 0 1
1 0.6625 0.744444 0 0 1
1 0.6375 0.744444 0 0 1
1 0.6125 0.744444 0 0 1
1 0.5875 0.744444 0 0 1
5 0.7375 0.611111 0 0 1
5 0.5375 0.744444 0 0 1
5 0.5125 0.744444 0 0 1
5 0.4875 0.744444 0 0 1
5 0.4625 0.655556 0 0 1
5 0.4375 0.744444 0 0 1
5 0.4125 0.744444 0 0 1
5 0.4375 0.744444 0 0 1
5 0.9125 0.7 0 0 1
5 0.8875 0.7 0 0 1
5 0.8625 0.611111 0 0 1
5 0.8125 0.7 0 0 1
5 0.7875 0.7 0 0 1
1 0.7625 0.7 0 0 1
1 0.5625 0.744444 0 0 1
3 0.9125 0.566667 0 0 1
3 0.8875 0.566667 0 0 1
3 0.8625 0.566667 0 0 1
3 0.8375 0.566667 0 0 1
3 0.8125 0.655556 0 0 1
3 0.7875 0.655556 0 0 1
3 0.7625 0.655556 0 0 1
3 0.7375 0.655556 0 0 1
3 0.7125 0.655556 0 0 1
3 0.6875 0.655556 0 0 1
3 0.6625 0.655556 0 0 1
3 0.6375 0.655556 0 0 1
5 0.6375 0.966667 0.3875 0 1
3 0.5875 0.655556 0 0 1
3 0.5625 0.655556 0 0 1
3 0.5375 0.566667 0 0 1
5 0.5125 0.655556 0 0 1
3 0.4875 0.566667 0 0.5 1
3 0.4625 0.566667 0 0.5 1
3 0.4375 0.566667 0 0.5 1
5 0.4125 0.655556 0 0.5 1
5 0.4375 0.566667 0 0.5 1
3 0.9625 0.522222 0 0 1
5 0.9375 0.611111 0 0 1
1 0.859375 0.611111 0.28125 0 1
3 0.6125 0.655556 0 0 1
3 0.4625 0.655556 0 0.5 1
3 0.4375 0.655556 0.3875 0.5 1
5 0.4375 0.655556 0 0.5 1
3 0.9375 0.611111 0 0.5 1
3 0.9125 0.611111 0 0 1
3 0.8875 0.7 0 0 1
3 0.9125 0.611111 0 0.5 1
3 0.8375 0.611111 0 0 1
3 0.8125 0.611111 0 0 1
3 0.8375 0.611111 0 0 1
3 0.7625 0.611111 0 0 1
5 0.4375 0.611111 0 0.5 1
3 0.7125 0.611111 0 0.5 1
3 0.6875 0.611111 0.3875 0.5 1
3 0.6625 0.611111 0 0.5 1
3 0.5875 0.611111 0 0.5 1
3 0.5625 0.611111 0 0.5 1
3 0.5875 0.611111 0 0.5 1
5 0.5125 0.611111 0 0.5 1
3 0.4875 0.611111 0 0.5 1
3 0.4625 0.611111 0 0.5 1
3 0.4875 0.611111 0 0.5 1
5 0.4125 0.7 0 0.5 1
3 0.7375 0.611111 0 0 1
5 0.8375 0.566667 0 0.5 1
5 0.6875 0.566667 0.3875 0.5 1
5 0.6625 0.566667 0 0.5 1
5 0.6375 0.566667 0 0.5 1
5 0.5875 0.566667 0 0.5 1
5 0.4875 0.566667 0 0 1
5 0.4625 0.566667 0 0 1
5 0.4375 0.566667 0 0 1
1 0.8875 0.611111 0 0 1
1 0.3875 0.566667 0 0 1
5 0.3125 0.477778 0 0 1
5 0.2875 0.477778 0.3875 0.5 1
3 0.9625 0.522222 0 0 1
5 0.9375 0.522222 0 0 1
5 0.859375 0.522222 0.28125 0 1
5 0.846875 0.522222 0.30625 0 1
5 0.8625 0.522222 0 0 1
5 0.8375 0.522222 0 0 1
5 0.8125 0.522222 0 0 1
5 0.7875 0.522222 0 0 1
5 0.7625 0.522222 0.3875 0 1
5 0.4125 0.477778 0 0 1
1 0.8625 0.611111 0 0 1
1 0.8375 0.611111 0 0 1
1 0.8125 0.611111 0 0 1
1 0.7875 0.611111 0 0 1
1 0.7625 0.611111 0 0 1
1 0.7375 0.611111 0 0 1
1 0.7125 0.611111 0 0 1
1 0.6875 0.611111 0 0 1
1 0.6625 0.611111 0 0 1
1 0.6375 0.611111 0.3875 0 1
5 0.6125 0.611111 0.3875 0 1
5 0.5875 0.611111 0 0 1
5 0.834375 0.566667 0.33125 0.5 1
5 0.5375 0.611111 0.3875 0 1
5 0.5125 0.611111 0.3875 0 1
5 0.4875 0.522222 0 0.5 1
5 0.4625 0.522222 0 0 1
5 0.4375 0.611111 0 0 1
5 0.4125 0.611111 0 0 1
1 0.4375 0.522222 0 0.5 1
5 0.3125 0.522222 0 0 1
5 0.2875 0.522222 0 0.5 1
3 0.9625 0.566667 0 0 1
5 0.9375 0.566667 0 0 1
1 0.859375 0.566667 0.28125 0 1
1 0.846875 0.566667 0.30625 0 1
5 0.5625 0.611111 0 0 1
0 0.7875 0.877778 0 0 1
5 0.7625 0.877778 0 0 1
5 0.7375 0.877778 0 0 1
5 0.7625 0.877778 0 0 1
5 0.6875 0.877778 0 0 1
5 0.6375 0.877778 0.3875 0 1
5 0.5125 0.813889 0 0.372222 1
1 0.4875 0.877778 0.3875 0 1
3 0.4875 0.788889 0 0 1
5 0.4375 0.813889 0 0.372222 1
5 0.4875 0.655556 0 0.5 1
3 0.9375 0.744444 0 0 1
1 0.9625 0.744444 0 0 1
3 0.9375 0.833333 0 0 1
3 0.9125 0.833333 0 0 1
3 0.8375 0.833333 0 0 1
3 0.8625 0.833333 0 0 1
3 0.7875 0.833333 0 0 1
5 0.7625 0.833333 0 0 1
5 0.7375 0.833333 0 0 1
5 0.7625 0.833333 0.3875 0 1
5 0.7375 0.833333 0.3875 0 1
5 0.6625 0.833333 0 0 1
3 0.9625 0.744444 0 0.5 1
5 0.6125 0.966667 0 0 1
1 0.4875 0.966667 0.3875 0 1
1 0.4875 0.877778 0 0 1
5 0.4375 0.813889 0 0.372222 1
5 0.3375 0.966667 0 0 1
3 0.9625 0.833333 0 0 1
3 0.9375 0.922222 0 0 1
1 0.9125 0.922222 0 0 1
0 0.8875 0.922222 0 0 1
0 0.8375 0.922222 0 0 1
5 0.8125 0.877778 0 0 1
1 0.6375 0.922222 0.3875 0 1
1 0.5125 0.836111 0.3875 0.327778 1
1 0.4875 0.922222 0.3875 0 1
3 0.5125 0.791667 0.3875 0.416667 1
1 0.4875 0.833333 0 0 1
5 0.4375 0.791667 0 0.416667 1
3 0.9625 0.769444 0 0.461111 1
3 0.9375 0.788889 0 0 1
1 0.9625 0.877778 0 0 1
3 0.9375 0.877778 0 0 1
1 0.8625 0.877778 0 0 1
1 0.8375 0.877778 0 0 1
5 0.6125 0.836111 0 0.327778 1
5 0.5125 0.788889 0 0 1
5 0.4875 0.7 0 0 1
3 0.5125 0.7 0 0.5 1
1 0.4875 0.7 0 0.5 1
5 0.4125 0.788889 0.3875 0 1
5 0.4375 0.7 0 0.5 1
3 0.9625 0.655556 0 0.5 1
3 0.9375 0.655556 0 0.5 1
3 0.9125 0.744444 0 0 1
3 0.8875 0.744444 0 0 1
3 0.9125 0.655556 0 0 1
3 0.8875 0.655556 0 0 1
5 0.6875 0.833333 0.3875 0 1
3 0.821875 0.744444 0.35625 0 1
3 0.7625 0.744444 0 0 1
3 0.7875 0.655556 0 0 1
1 0.7625 0.655556 0.3875 0 1
1 0.7375 0.744444 0.3875 0 1
1 0.6625 0.655556 0 0 1
1 0.6375 0.655556 0 0 1
1 0.6625 0.655556 0.3875 0 1
1 0.6375 0.655556 0 0 1
3 0.5625 0.744444 0 0 1
3 0.5375 0.744444 0 0 1
5 0.5125 0.744444 0 0 1
3 0.8625 0.655556 0 0 1
5 0.6125 0.833333 0 0 1
5 0.5625 0.833333 0 0 1
5 0.5375 0.833333 0 0 1
5 0.5125 0.833333 0 0 1
1 0.4875 0.833333 0.3875 0 1
5 0.5125 0.744444 0.3875 0.5 1
3 0.4875 0.744444 0 0 1
5 0.4125 0.791667 0.3875 0.416667 1
5 0.4375 0.744444 0 0.5 1
3 0.9625 0.7 0 0 1
3 0.9375 0.788889 0 0 1
3 0.9125 0.788889 0 0 1
3 0.5875 0.788889 0 0 1
3 0.9125 0.7 0 0 1
5 0.846875 0.788889 0.30625 0 1
5 0.834375 0.788889 0.33125 0 1
3 0.7875 0.788889 0 0 1
3 0.7625 0.788889 0 0 1
5 0.7375 0.788889 0 0 1
1 0.7625 0.788889 0.3875 0 1
1 0.7375 0.788889 0.3875 0 1
1 0.6625 0.788889 0.3875 0 1
1 0.6875 0.788889 0.3875 0 1
1 0.6625 0.788889 0.3875 0 1
1 0.5875 0.788889 0.3875 0 1
1 0.6125 0.788889 0.3875 0 1
3 0.9375 0.788889 0 0 1
