4 0.876953 0.553472 0.0757812 0.0569444 0.565612
2 0.76875 0.844444 0 0 1
1 0.70625 0.844444 0 0 1
2 0.71875 0.888889 0 0 1
1 0.66875 0.888889 0 0 1
1 0.61875 0.844444 0 0 1
6 0.59375 0.844444 0 0 1
0 0.58125 0.844444 0.1 0 1
0 0.56875 0.844444 0.1 0 1
0 0.55625 0.844444 0 0 1
2 0.86875 0.822222 0 0.333333 1
2 0.81875 0.822222 0 0 1
1 0.76875 0.822222 0 0 1
2 0.71875 0.822222 0 0 1
1 0.78125 0.844444 0 0 1
1 0.66875 0.822222 0 0 1
1 0.60625 0.822222 0 0 1
1 0.61875 0.822222 0 0 1
4 0.58125 0.822222 0 0 1
4 0.56875 0.822222 0.1 0 1
2 0.85625 0.8 0 0 1
2 0.86875 0.8 0 0.333333 1
2 0.81875 0.8 0 0 1
1 0.75625 0.8 0 0 1
2 0.76875 0.844444 0 0 1
2 0.71875 0.844444 0 0 1
1 0.68125 0.822222 0 0 1
2 0.76875 0.977778 0 0 1
1 0.75625 0.977778 0 0 1
2 0.73125 0.933333 0 0 1
2 0.71875 0.977778 0 0 1
2 0.88125 0.911111 0 0 1
2 0.86875 0.872222 0 0.255556 1
2 0.81875 0.911111 0 0 1
2 0.76875 0.955556 0 0 1
1 0.73125 0.955556 0 0 1
2 0.71875 0.911111 0 0 1
2 0.88125 0.888889 0 0 1
2 0.86875 0.861111 0 0.277778 1
2 0.81875 0.888889 0 0 1
1 0.75625 0.888889 0 0 1
2 0.76875 0.933333 0 0 1
1 0.73125 0.933333 0 0 1
2 0.71875 0.933333 0 0 1
2 0.86875 0.85 0 0.3 1
1 0.83125 0.866667 0 0 1
2 0.81875 0.866667 0 0 1
1 0.78125 0.866667 0 0 1
2 0.76875 0.866667 0 0 1
2 0.71875 0.866667 0 0 1
1 0.66875 0.866667 0 0 1
2 0.86875 0.838889 0 0.322222 1
1 0.68125 0.8 0.1 0 1
2 0.81875 0.888889 0 0 1
1 0.71875 0.733333 0 0 1
2 0.88125 0.711111 0 0 1
1 0.80625 0.711111 0 0 1
1 0.81875 0.711111 0 0 1
1 0.78125 0.711111 0 0 1
1 0.76875 0.711111 0 0 1
1 0.71875 0.755556 0 0 1
1 0.68125 0.711111 0 0 1
2 0.88125 0.688889 0.1 0 1
1 0.78125 0.733333 0 0 1
1 0.76875 0.733333 0 0 1
1 0.73125 0.688889 0 0 1
1 0.66875 0.8 0 0 1
1 0.73125 0.733333 0 0 1
1 0.71875 0.733333 0 0 1
2 0.88125 0.666667 0.1 0 1
1 0.78125 0.711111 0 0 1
1 0.73125 0.666667 0 0 1
1 0.71875 0.711111 0 0 1
1 0.71875 0.711111 0 0 1
1 0.73125 0.688889 0 0 1
1 0.71875 0.688889 0 0 1
1 0.73125 0.688889 0 0 1
1 0.68125 0.688889 0 0 1
2 0.88125 0.622222 0 0 1
1 0.71875 0.733333 0.1 0 1
2 0.81875 0.933333 0 0 1
1 0.60625 0.8 0 0 1
1 0.61875 0.844444 0 0 1
2 0.85625 0.777778 0 0 1
2 0.86875 0.822222 0 0.333333 1
1 0.81875 0.777778 0 0.333333 1
1 0.78125 0.777778 0 0 1
2 0.76875 0.777778 0 0 1
1 0.73125 0.777778 0 0 1
1 0.71875 0.777778 0 0 1
1 0.66875 0.777778 0 0 1
1 0.60625 0.777778 0 0 1
1 0.76875 0.733333 0 0 1
2 0.88125 0.755556 0 0 1
2 0.86875 0.755556 0 0.333333 1
1 0.81875 0.755556 0 0 1
1 0.78125 0.755556 0 0 1
2 0.76875 0.8 0 0 1
1 0.71875 0.8 0 0 1
1 0.68125 0.8 0 0 1
1 0.66875 0.8 0 0 1
1 0.60625 0.755556 0 0 1
1 0.61875 0.755556 0 0 1
2 0.88125 0.733333 0 0 1
1 0.81875 0.733333 0 0.333333 1
1 0.78125 0.777778 0 0 1
1 0.61875 0.777778 0 0 1
1 0.70625 0.4 0.20625 0 1
1 0.80625 0.377778 0 0.255556 1
1 0.70625 0.377778 0.20625 0 1
1 0.80625 0.355556 0 0.255556 1
1 0.70625 0.355556 0.20625 0 1
1 0.80625 0.333333 0 0.255556 1
1 0.70625 0.333333 0.20625 0 1
1 0.80625 0.311111 0 0.255556 1
1 0.70625 0.311111 0.20625 0 1
1 0.80625 0.288889 0 0.255556 1
1 0.70625 0.288889 0.20625 0 1
1 0.80625 0.266667 0 0.255556 1
2 0.86875 0.883333 0 0.233333 1
1 0.70625 0.244444 0.20625 0 1
1 0.81875 0.222222 0 0.255556 1
1 0.70625 0.222222 0.20625 0 1
2 0.88125 0.2 0.20625 0 1
1 0.81875 0.2 0 0.255556 1
1 0.70625 0.2 0.20625 0 1
2 0.88125 0.177778 0.20625 0 1
1 0.83125 0.177778 0.20625 0.255556 1
1 0.81875 0.177778 0 0.255556 1
3 0.16875 0.133333 0.20625 0 1
1 0.70625 0.266667 0.20625 0 1
1 0.73125 0.688889 0.20625 0 1
1 0.71875 0.688889 0.20625 0 1
1 0.73125 0.666667 0.20625 0 1
2 0.88125 0.644444 0.20625 0 1
1 0.73125 0.644444 0.20625 0 1
2 0.88125 0.622222 0.20625 0 1
1 0.73125 0.622222 0.20625 0 1
2 0.88125 0.6 0.20625 0 1
1 0.73125 0.555556 0.20625 0 1
2 0.88125 0.577778 0.20625 0 1
2 0.88125 0.555556 0.20625 0 1
1 0.80625 0.511111 0.20625 0.255556 1
1 0.80625 0.4 0 0.255556 1
2 0.88125 0.533333 0.20625 0 1
1 0.80625 0.533333 0 0.255556 1
1 0.70625 0.533333 0.20625 0 1
1 0.80625 0.511111 0 0.255556 1
1 0.70625 0.511111 0.20625 0 1
1 0.80625 0.488889 0 0.255556 1
1 0.70625 0.488889 0.20625 0 1
1 0.80625 0.466667 0 0.255556 1
1 0.70625 0.466667 0.20625 0 1
1 0.80625 0.444444 0 0.255556 1
1 0.70625 0.444444 0.20625 0 1
1 0.80625 0.422222 0 0.255556 1
1 0.70625 0.422222 0.20625 0 1
1 0.70625 0.555556 0.20625 0 1
6 0.20625 0.0666667 0.20625 0 1
0 0.16875 0.0972222 0 0.194444 1
0 0.15625 0.0444444 0 0 1
2 0.88125 0 0 0 1
2 0.88125 1 0.1 0 1
2 0.86875 0.916667 0 0.166667 1
2 0.81875 1 0 0 1
2 0.76875 1 0 0 1
2 0.73125 1 0.1 0 1
2 0.71875 1 0.1 0 1
2 0.70625 1 0.1 0 1
2 0.69375 1 0 0 1
2 0.88125 0.155556 0 0 1
2 0.86875 1 0 0 1
2 0.81875 1 0 0 1
2 0.75625 0.977778 0 0 1
2 0.76875 1 0 0 1
2 0.71875 1 0.1 0 1
2 0.70625 0.977778 0.1 0 1
2 0.71875 0.977778 0.1 0 1
2 0.86875 0.894444 0 0.211111 1
2 0.81875 0.955556 0 0 1
2 0.76875 0.894444 0 0.211111 1
1 0.73125 1 0 0 1
2 0.71875 0.955556 0 0 1
2 0.88125 0 0 0 1
2 0.88125 0.977778 0 0 1
2 0.81875 0.155556 0 0.255556 1
0 0.18125 0.111111 0 0 1
0 0.16875 0.111111 0 0 1
2 0.13125 0.111111 0 0 1
0 0.14375 0.111111 0 0 1
2 0.88125 0.133333 0 0 1
2 0.81875 0.133333 0 0.255556 1
8 0.18125 0.133333 0 0 1
2 0.15625 0.0888889 0 0 1
2 0.14375 0.133333 0 0 1
6 0.19375 0.0666667 0.20625 0 1
0 0.18125 0.111111 0.20625 0 1
2 0.13125 0.0666667 0 0 1
1 0.80625 0.108333 0.20625 0.216667 1
0 0.20625 0.0888889 0.20625 0 1
8 0.16875 0.0888889 0 0 1
2 0.15625 0.0861111 0.20625 0.172222 1
3 0.16875 0.108333 0 0.216667 1
0 0.15625 0.0888889 0 0 1
3 0.14375 0.0888889 0 0 1
2 0.88125 0.0666667 0.20625 0 1
3 0.80625 0.075 0.20625 0.15 1
2 0.88125 0.111111 0 0 1
1 0.66875 0.777778 0.0625 0.144444 1
1 0.61875 0.777778 0.0625 0.144444 1
2 0.88125 0.755556 0.0625 0 1
2 0.86875 0.755556 0 0.144444 1
2 0.81875 0.755556 0 0.144444 1
2 0.78125 0.755556 0 0 1
2 0.76875 0.755556 0 0 1
2 0.71875 0.755556 0 0 1
1 0.66875 0.8 0.0625 0 1
1 0.61875 0.755556 0.0625 0 1
2 0.88125 0.733333 0 0 1
1 0.81875 0.733333 0 0.144444 1
1 0.73125 0.666667 0 0 1
2 0.88125 0.711111 0 0 1
2 0.81875 0.711111 0 0.144444 1
1 0.71875 0.711111 0.0625 0.144444 1
2 0.88125 0.688889 0 0 1
1 0.78125 0.733333 0 0 1
1 0.73125 0.733333 0 0 1
1 0.71875 0.688889 0 0.144444 1
2 0.88125 0.666667 0 0.144444 1
1 0.78125 0.711111 0 0 1
1 0.73125 0.666667 0 0 1
1 0.71875 0.666667 0.0625 0 1
1 0.71875 0.666667 0.0625 0 1
1 0.78125 0.777778 0 0 1
1 0.66875 0.866667 0 0.144444 1
2 0.86875 0.844444 0 0.144444 1
2 0.81875 0.844444 0 0.144444 1
2 0.76875 0.844444 0 0.144444 1
2 0.71875 0.844444 0 0 1
1 0.66875 0.888889 0 0 1
6 0.58125 0.844444 0.0625 0 1
6 0.56875 0.844444 0.0625 0 1
2 0.86875 0.822222 0 0.144444 1
2 0.81875 0.822222 0 0.144444 1
2 0.76875 0.822222 0 0.144444 1
2 0.71875 0.822222 0.0625 0 1
2 0.71875 0.777778 0 0.144444 1
1 0.66875 0.822222 0 0 1
2 0.85625 0.8 0 0.144444 1
2 0.86875 0.8 0 0.144444 1
2 0.81875 0.8 0 0.144444 1
2 0.76875 0.8 0 0.144444 1
1 0.68125 0.8 0.0625 0 1
1 0.66875 0.8 0.0625 0 1
2 0.85625 0.777778 0 0 1
2 0.86875 0.777778 0 0.144444 1
2 0.81875 0.777778 0 0.144444 1
1 0.78125 0.777778 0 0 1
2 0.76875 0.777778 0 0.144444 1
1 0.68125 0.822222 0.0625 0 1
1 0.81875 0.177778 0 0.144444 1
2 0.88125 0.111111 0 0.144444 1
0 0.18125 0.111111 0.0625 0 1
0 0.16875 0.111111 0.0625 0 1
2 0.13125 0.111111 0 0.144444 1
0 0.14375 0.111111 0 0 1
2 0.88125 0.0888889 0 0.144444 1
1 0.83125 0.133333 0.0625 0.144444 1
2 0.81875 0.133333 0 0.144444 1
0 0.15625 0.133333 0.0625 0 1
1 0.73125 0.644444 0 0.144444 1
2 0.13125 0.0888889 0 0.144444 1
2 0.14375 0.0888889 0 0.144444 1
0 0.20625 0.111111 0 0.144444 1
2 0.13125 0.0666667 0 0 1
1 0.19375 0.0888889 0 0 1
5 0.20625 0.0888889 0.0625 0.144444 1
7 0.16875 0.0888889 0.0625 0.144444 1
0 0.14375 0.0444444 0 0 1
1 0.19375 0.0472222 0.0625 0.0944444 1
0 0.18125 0.0583333 0 0.116667 1
0 0.18125 0.0583333 0.0625 0.116667 1
0 0.14375 0.0888889 0 0.144444 1
0 0.73125 0.688889 0.0625 0 1
1 0.68125 0.688889 0.0625 0 1
1 0.73125 0.622222 0 0.144444 1
1 0.68125 0.622222 0 0 1
2 0.88125 0.6 0 0 1
0 0.73125 0.644444 0.0625 0 1
1 0.68125 0.6 0 0 1
2 0.88125 0.577778 0 0.144444 1
0 0.73125 0.577778 0.0625 0 1
1 0.68125 0.577778 0 0 1
1 0.80625 0.488889 0 0.144444 1
1 0.80625 0.511111 0 0.144444 1
1 0.81875 0.2 0 0.144444 1
1 0.80625 0.466667 0 0.144444 1
1 0.80625 0.444444 0 0.144444 1
1 0.80625 0.422222 0 0.144444 1
1 0.80625 0.4 0 0.144444 1
1 0.80625 0.377778 0 0.144444 1
1 0.80625 0.355556 0 0.144444 1
1 0.80625 0.333333 0 0.144444 1
1 0.80625 0.311111 0 0.144444 1
1 0.80625 0.244444 0.0625 0.144444 1
1 0.83125 0.2 0.0625 0.144444 1
1 0.80625 0.488889 0 0.144444 1
1 0.81875 0.177778 0 0.333333 1
2 0.88125 0.155556 0 0 1
1 0.81875 0.161111 0 0.322222 1
2 0.88125 0.133333 0 0 1
1 0.81875 0.15 0 0.3 1
6 0.76875 0.133333 0 0 1
3 0.16875 0.133333 0.1 0 1
2 0.88125 0.111111 0 0 1
1 0.83125 0.155556 0.1 0 1
2 0.81875 0.161111 0 0.322222 1
2 0.71875 0.866667 0 0.144444 1
0 0.18125 0.111111 0.1 0 1
0 0.16875 0.111111 0 0 1
2 0.13125 0.111111 0 0 1
1 0.14375 0.111111 0 0 1
2 0.88125 0.0888889 0 0 1
1 0.83125 0.133333 0 0 1
1 0.81875 0.133333 0 0 1
1 0.18125 0.133333 0 0 1
1 0.14375 0.0888889 0 0 1
2 0.13125 0.0888889 0 0 1
2 0.14375 0.0888889 0 0 1
2 0.88125 0.0666667 0 0 1
1 0.83125 0.111111 0 0 1
1 0.76875 0.155556 0 0 1
1 0.68125 0.666667 0 0 1
2 0.88125 0.6 0 0 1
1 0.73125 0.644444 0 0 1
1 0.68125 0.644444 0 0 1
2 0.88125 0.577778 0 0 1
1 0.73125 0.622222 0.1 0 1
1 0.68125 0.622222 0 0 1
2 0.88125 0.555556 0 0 1
2 0.88125 0.533333 0 0 1
2 0.88125 0.511111 0 0 1
2 0.88125 0.488889 0 0 1
1 0.80625 0.511111 0 0.333333 1
1 0.80625 0.466667 0 0.333333 1
1 0.80625 0.444444 0 0.333333 1
1 0.80625 0.422222 0 0.333333 1
1 0.80625 0.4 0 0.333333 1
1 0.80625 0.377778 0 0.333333 1
1 0.80625 0.355556 0 0.333333 1
1 0.80625 0.333333 0 0.333333 1
1 0.80625 0.311111 0 0.333333 1
1 0.80625 0.288889 0 0.333333 1
1 0.80625 0.266667 0 0.333333 1
2 0.88125 0.2 0 0 1
1 0.83125 0.244444 0.1 0.333333 1
2 0.88125 0.177778 0 0 1
1 0.80625 0.488889 0 0.333333 1
2 0.71875 0.977778 0.0625 0 1
2 0.88125 0.955556 0.0625 0 1
2 0.86875 0.941667 0 0.116667 1
2 0.81875 0.941667 0 0.116667 1
2 0.76875 0.941667 0 0.116667 1
2 0.71875 0.941667 0 0.116667 1
2 0.81875 0.930556 0 0.138889 1
2 0.76875 0.930556 0 0.138889 1
2 0.73125 0.933333 0 0 1
2 0.71875 0.933333 0 0 1
2 0.88125 0.911111 0 0 1
2 0.86875 0.911111 0 0.144444 1
2 0.76875 0.955556 0 0 1
2 0.73125 0.911111 0 0 1
2 0.71875 0.911111 0 0 1
2 0.88125 0.888889 0 0 1
2 0.86875 0.888889 0 0.144444 1
2 0.81875 0.888889 0 0.144444 1
2 0.76875 0.930556 0 0.138889 1
2 0.73125 0.933333 0.0625 0 1
2 0.73125 0.888889 0.0625 0 1
2 0.71875 0.888889 0.0625 0.144444 1
2 0.86875 0.866667 0 0.144444 1
2 0.81875 0.866667 0 0.144444 1
2 0.76875 0.866667 0 0.144444 1
2 0.81875 0.911111 0 0.144444 1
2 0.13125 0.0666667 0 0 1
2 0.88125 0.0444444 0 0 1
1 0.19375 0.0888889 0 0 1
1 0.20625 0.0888889 0 0 1
7 0.16875 0.0888889 0 0 1
2 0.15625 0.105556 0.1 0.211111 1
7 0.16875 0.0888889 0.1 0 1
1 0.15625 0.0888889 0 0 1
0 0.14375 0.0888889 0 0 1
2 0.88125 0.0222222 0 0 1
0 0.16875 0.116667 0 0.233333 1
2 0.88125 0 0 0 1
2 0.70625 0.977778 0.0625 0 1
2 0.88125 0 0 0 1
2 0.88125 0 0 0 1
2 0.88125 0.986111 0.0625 0.0277778 1
2 0.86875 0.963889 0 0.0722222 1
2 0.81875 0.963889 0 0.0722222 1
2 0.76875 1 0 0 1
2 0.71875 1 0.0625 0 1
2 0.70625 1 0.0625 0 1
2 0.71875 1 0.0625 0 1
2 0.88125 0.977778 0 0 1
2 0.86875 0.975 0 0.05 1
2 0.81875 0.952778 0 0.0944444 1
2 0.76875 1 0 0 1
1 0.18125 0.0444444 0 0 1
5 0.7625 0.477778 0.3875 0 1
5 0.6125 0.477778 0 0 1
5 0.5625 0.477778 0 0 1
5 0.5375 0.477778 0 0 1
5 0.4625 0.388889 0 0 1
5 0.4375 0.477778 0 0 1
5 0.3625 0.477778 0 0 1
0 0.3375 0.477778 0 0 1
0 0.3125 0.477778 0 0 1
0 0.2875 0.477778 0 0 1
0 0.2625 0.388889 0 0 1
0 0.1125 0.388889 0 0 1
1 0.71875 0.711111 0.20625 0 1
5 0.0375 0.388889 0 0 1
5 0.7625 0.433333 0.3875 0 1
5 0.6125 0.433333 0 0 1
5 0.5625 0.433333 0 0 1
5 0.5875 0.433333 0 0 1
5 0.4625 0.344444 0 0 1
5 0.4375 0.433333 0 0 1
5 0.3625 0.433333 0 0 1
0 0.3375 0.344444 0 0 1
0 0.3125 0.344444 0 0 1
5 0.2625 0.344444 0 0 1
5 0.0125 0.388889 0 0 1
5 0.0875 0.566667 0 0 1
5 0.0625 0.566667 0 0 1
5 0.0375 0.566667 0 0 1
5 0.0125 0.566667 0 0 1
5 0 0.566667 0 0 1
5 0.7625 0.522222 0.3875 0 1
5 0.6125 0.522222 0 0 1
5 0.5625 0.522222 0 0 1
5 0.5375 0.522222 0 0 1
5 0.4625 0.433333 0 0 1
5 0.4375 0.522222 0 0 1
0 0.3125 0.522222 0 0 1
0 0.2875 0.433333 0 0 1
5 0.2625 0.433333 0 0 1
5 0.2375 0.433333 0 0 1
5 0.2125 0.433333 0 0 1
5 0.1875 0.433333 0 0 1
5 0.1375 0.433333 0 0 1
5 0.1125 0.433333 0 0 1
5 0.0875 0.433333 0 0 1
5 0.0625 0.433333 0 0 1
5 0.0375 0.433333 0 0 1
5 0.0125 0.433333 0 0 1
5 0.0375 0.433333 0 0 1
5 0.3375 0.522222 0 0 1
5 0.2625 0.255556 0 0 1
5 0.2375 0.344444 0 0 1
1 0.2125 0.344444 0 0 1
1 0.1875 0.344444 0 0 1
5 0.1125 0.344444 0 0 1
5 0.0875 0.344444 0 0 1
5 0.0625 0.344444 0 0 1
1 0.115625 0.344444 0.23125 0 1
5 0.0125 0.344444 0 0 1
5 0.0375 0.255556 0 0 1
5 0.7625 0.3 0.3875 0 1
5 0.2375 0.344444 0 0 1
5 0.5625 0.3 0 0 1
5 0.5375 0.3 0 0 1
5 0.4625 0.211111 0 0 1
5 0.4375 0.3 0 0 1
5 0.2625 0.211111 0 0 1
1 0.2375 0.3 0 0 1
5 0.0125 0.3 0 0 1
5 0.0375 0.211111 0 0 1
5 0.7625 0.255556 0 0 1
5 0.6125 0.255556 0 0 1
5 0.5625 0.255556 0 0 1
5 0.5875 0.255556 0 0 1
5 0.6125 0.3 0 0 1
5 0.2125 0.344444 0 0 1
5 0.1875 0.344444 0 0 1
5 0.1625 0.344444 0 0 1
5 0.1375 0.344444 0 0 1
5 0.1125 0.344444 0 0 1
5 0.0625 0.344444 0 0 1
5 0.0375 0.344444 0 0 1
0 0.0125 0.433333 0 0 1
5 0.0375 0.344444 0 0 1
5 0.6125 0.388889 0 0 1
5 0.5625 0.388889 0 0 1
5 0.4375 0.344444 0 0 1
5 0.4625 0.3 0 0 1
5 0.4375 0.388889 0 0 1
0 0.3625 0.3 0 0 1
0 0.3375 0.388889 0 0 1
5 0.1875 0.3 0 0 1
0 0.178125 0.3 0.35625 0 1
5 0.0375 0.3 0 0 1
5 0.859375 0.344444 0.28125 0.5 1
5 0.7625 0.344444 0.3875 0 1
5 0.6125 0.344444 0 0 1
5 0.5625 0.344444 0 0 1
5 0.5875 0.344444 0 0 1
5 0.4625 0.255556 0 0 1
5 0.5875 0.388889 0 0 1
0 0.1875 0.122222 0 0 1
5 0.1625 0.122222 0 0 1
1 0 0.122222 0 0 1
2 0.1875 0.0777778 0 0 1
1 0.864062 0.0333333 0.271875 0 1
1 0.6125 0.788889 0.3875 0 1
7 0.5625 0.788889 0 0 1
7 0.5375 0.788889 0.3875 0 1
1 0.6125 0.7 0.3875 0 1
5 0.5625 0.7 0.3875 0 1
5 0.5375 0.7 0.3875 0 1
1 0.6125 0.744444 0 0 1
5 0.1125 0.566667 0 0 1
5 0.5375 0.655556 0.3875 0 1
5 0.7625 0.7 0.3875 0 1
5 0.6125 0.7 0 0 1
5 0.5875 0.7 0 0 1
5 0.5625 0.7 0 0 1
5 0.5375 0.7 0 0 1
5 0.4375 0.611111 0 0 1
5 0.0125 0.611111 0 0 1
5 0.7625 0.655556 0.3875 0 1
5 0.6125 0.655556 0 0 1
5 0.5875 0.655556 0 0 1
5 0.5625 0.655556 0 0 1
5 0.5375 0.655556 0 0 1
5 0.5625 0.655556 0.3875 0 1
0 0.125 0.1 0 0 1
5 0.0125 0.7 0 0 1
1 0.839063 0.655556 0.321875 0 1
5 0.4125 0.655556 0 0 1
5 0.0125 0.655556 0 0 1
5 0.0375 0.655556 0 0 1
1 0.839063 0.5 0.321875 1 1
5 0.0125 0.611111 0 0 1
5 0.9625 0.5 0 1 1
5 0.0125 0.566667 0 0 1
5 0.0375 0.566667 0 0 1
5 0.9625 0.5 0 1 1
1 0 0.166667 0 0 1
5 0.9625 0.5 0 1 1
5 0.0375 0.433333 0 0 1
5 0.9625 0.5 0 1 1
5 0.9625 0.5 0 1 1
5 0.9625 0.480556 0 0.961111 1
5 0.0375 0.3 0 0 1
5 0.9625 0.458333 0 0.916667 1
1 0 0.255556 0 0 1
5 0.0125 0.211111 0 0 1
1 0 0.211111 0 0 1
7 0.1625 0.0777778 0 0 1
5 0.1875 0.0777778 0 0 1
1 0.0125 0.166667 0 0 1
5 0.9625 0.5 0 1 1
5 0.2375 0.611111 0 0 1
5 0.2125 0.611111 0 0 1
5 0.1875 0.611111 0 0 1
5 0.1625 0.611111 0 0 1
5 0.1375 0.611111 0 0 1
5 0.1125 0.611111 0 0 1
5 0.0875 0.611111 0 0 1
5 0.0625 0.611111 0 0 1
5 0.0375 0.611111 0 0 1
5 0.0125 0.611111 0 0 1
5 0 0.611111 0 0 1
5 0.7625 0.566667 0.3875 0 1
5 0.4625 0.566667 0 0 1
5 0.5625 0.566667 0 0 1
5 0.5375 0.566667 0 0 1
5 0.4625 0.477778 0 0 1
5 0.4375 0.566667 0 0 1
5 0.4125 0.566667 0 0 1
5 0.3125 0.566667 0 0 1
5 0.2875 0.566667 0 0 1
5 0.2625 0.566667 0 0 1
5 0.2375 0.566667 0 0 1
5 0.2125 0.566667 0 0 1
5 0.1875 0.566667 0 0 1
5 0.1625 0.566667 0 0 1
5 0.1375 0.566667 0 0 1
5 0.6125 0.566667 0 0 1
5 0.4375 0.566667 0 0 1
5 0.4125 0.566667 0 0 1
5 0.3375 0.655556 0 0 1
5 0.3125 0.655556 0 0 1
5 0.2875 0.655556 0 0 1
5 0.2625 0.655556 0 0 1
5 0.2375 0.655556 0 0 1
5 0.2125 0.655556 0 0 1
5 0.1875 0.655556 0 0 1
5 0.1625 0.655556 0 0 1
5 0.1375 0.655556 0 0 1
5 0.1125 0.655556 0 0 1
5 0.2625 0.611111 0 0 1
5 0.0625 0.655556 0 0 1
5 0.0375 0.655556 0 0 1
5 0.0125 0.655556 0 0 1
5 0.7625 0.611111 0.3875 0 1
5 0.6125 0.611111 0 0 1
5 0.5625 0.611111 0 0 1
5 0.5375 0.611111 0 0 1
5 0.4625 0.522222 0 0 1
5 0.4375 0.611111 0 0 1
5 0.4125 0.611111 0 0 1
5 0.3375 0.611111 0 0 1
5 0.3125 0.611111 0 0 1
5 0.2875 0.611111 0 0 1
5 0.0875 0.655556 0 0 1
2 0.73125 1 0.20625 0 1
2 0.71875 1 0.20625 0 1
3 0.70625 1 0.20625 0 1
2 0.69375 1 0 0 1
3 0 0.936111 0 0.127778 1
2 0.88125 0.977778 0.20625 0 1
2 0.86875 0.947222 0 0.105556 1
2 0.81875 1 0 0 1
2 0.76875 1 0 0 1
2 0.73125 0.977778 0.20625 0 1
3 0.71875 0.977778 0.20625 0 1
3 0.70625 0.977778 0.20625 0 1
5 0.4625 0.166667 0 0 1
2 0.86875 0.913889 0 0.172222 1
2 0.81875 0.955556 0 0 1
2 0.81875 0.977778 0 0 1
2 0.76875 0.977778 0 0 1
2 0.71875 0.977778 0 0 1
2 0.81875 0.911111 0 0 1
2 0.76875 0.955556 0 0 1
3 0.71875 0.911111 0.20625 0 1
2 0.88125 0.888889 0 0 1
2 0.86875 0.902778 0 0.194444 1
2 0.81875 0.933333 0 0 1
2 0.76875 0.933333 0 0 1
2 0.73125 0.933333 0.20625 0 1
2 0.71875 0.977778 0 0 1
2 0.5625 0.255556 0.1875 0 1
5 0.5875 0.255556 0 0 1
2 0.5625 0.211111 0.1875 0 1
5 0.5875 0.3 0 0 1
5 0.6125 0.166667 0.1875 0 1
2 0.5625 0.166667 0.1875 0 1
5 0.5875 0.255556 0 0 1
5 0.6125 0.122222 0.1875 0 1
2 0.81875 0.936111 0 0.127778 1
5 0.5875 0.211111 0 0 1
2 0.6125 0.0777778 0.1875 0 1
3 0.1625 0.0777778 0 0 1
2 0.5625 0.0333333 0 0 1
0 0.1625 0.122222 0 0 1
0 0.1875 0.186111 0 0.372222 1
5 0.7375 0 0.1875 0 1
5 0.1625 0.0777778 0 0 1
3 0.2625 0 0 0 1
0 0.2375 0 0 0 1
2 0.88125 1 0.20625 0 1
2 0.86875 0.958333 0 0.0833333 1
2 0.5625 0.122222 0 0 1
1 0.66875 0.8 0 0 1
1 0.61875 0.844444 0 0 1
4 0.58125 0.8 0.20625 0 1
4 0.56875 0.8 0.20625 0 1
4 0.55625 0.8 0.20625 0 1
2 0.86875 0.822222 0 0.255556 1
2 0.81875 0.777778 0 0.255556 1
1 0.66875 0.822222 0 0 1
1 0.60625 0.822222 0.20625 0 1
1 0.61875 0.822222 0.20625 0 1
2 0.88125 0.8 0.20625 0 1
2 0.76875 0.8 0 0 1
3 0.71875 0.933333 0.20625 0 1
1 0.66875 0.8 0 0 1
1 0.60625 0.8 0.20625 0 1
1 0.61875 0.755556 0 0 1
7 0.58125 0.755556 0.20625 0 1
7 0.56875 0.755556 0.20625 0 1
0 0.01875 0.755556 0 0 1
2 0.88125 0.733333 0.20625 0 1
2 0.88125 0.711111 0.20625 0 1
2 0.88125 0.688889 0.20625 0 1
1 0.73125 0.733333 0.20625 0 1
1 0.71875 0.733333 0.20625 0 1
2 0.88125 0.666667 0.20625 0 1
1 0.73125 0.711111 0.20625 0 1
1 0.71875 0.8 0 0 1
2 0.86875 0.866667 0 0.255556 1
2 0.81875 0.911111 0 0 1
7 0.80625 0.866667 0 0 1
2 0.76875 0.866667 0 0 1
2 0.71875 0.866667 0 0 1
1 0.66875 0.866667 0 0 1
2 0.86875 0.844444 0 0.255556 1
2 0.81875 0.888889 0 0 1
2 0.76875 0.888889 0 0 1
1 0.71875 0.844444 0.20625 0 1
2 0.71875 0.888889 0 0 1
1 0.66875 0.888889 0 0 1
1 0.68125 0.8 0.20625 0 1
0 0.59375 0.844444 0.20625 0 1
0 0.58125 0.844444 0.20625 0 1
0 0.56875 0.844444 0 0 1
2 0.81875 0.866667 0 0.255556 1
1 0.68125 0.822222 0.20625 0 1
1 0.66875 0.866667 0 0 1
1 0.61875 0.822222 0 0 1
4 0.58125 0.822222 0.20625 0 1
4 0.56875 0.822222 0.20625 0 1
2 0.86875 0.8 0 0.255556 1
2 0.81875 0.844444 0 0 1
2 0.76875 0.844444 0 0 1
2 0.71875 0.844444 0 0 1
0 0.61875 0.844444 0 0 1
1 0.115625 0.166667 0.23125 0 1
1 0.103125 0.208333 0.20625 0.416667 1
1 0 0.0777778 0 0 1
5 0.6125 0.122222 0 0 1
0 0.5625 0.122222 0 0 1
5 0.5375 0.122222 0 0 1
5 0.4625 0.0333333 0 0 1
5 0.4375 0.122222 0 0 1
0 0.4125 0.0333333 0 0 1
0 0.3875 0.0333333 0 0 1
0 0.3625 0.0333333 0 0 1
0 0.3375 0.0333333 0 0 1
5 0.5875 0.388889 0 0 1
0 0.1625 0.122222 0 0 1
0 0.1875 0.186111 0 0.372222 1
5 0.1625 0.122222 0 0 1
0 0.115625 0.122222 0.23125 0 1
1 0.0125 0.122222 0 0 1
1 0 0.0333333 0 0 1
5 0.7375 0.0777778 0 0 1
5 0.4625 0 0 0 1
5 0.4375 0.0777778 0 0 1
5 0.4625 0.0777778 0 0 1
5 0.4375 0 0 0 1
0 0.3625 0 0 0 1
5 0.2625 0.122222 0 0 1
5 0.4375 0.255556 0 0 1
5 0.2625 0.255556 0 0 1
5 0.0125 0.255556 0 0 1
3 0.0375 0.166667 0 0 1
5 0.7625 0.211111 0 0 1
5 0.6125 0.211111 0 0 1
5 0.5625 0.211111 0 0 1
5 0.5875 0.211111 0 0 1
5 0.4625 0.122222 0 0 1
5 0.4375 0.122222 0 0 1
5 0.2625 0.122222 0 0 1
1 0.115625 0.211111 0.23125 0 1
5 0.1875 0.0777778 0 0 1
1 0.0375 0.122222 0 0 1
5 0.7625 0.166667 0 0 1
5 0.7375 0.166667 0 0 1
5 0.6125 0.166667 0 0 1
0 0.5625 0.166667 0 0 1
5 0.5375 0.166667 0 0 1
5 0.4625 0.0777778 0 0 1
5 0.4375 0.166667 0 0 1
0 0.4125 0.0777778 0 0 1
0 0.3875 0.0777778 0 0 1
0 0.3375 0.0777778 0 0 1
1 0.2625 0.166667 0 0 1
7 0.1625 0.0777778 0 0 1
5 0.0125 0.211111 0 0 1
1 0.7125 0.655556 0.1875 0 1
5 0.7625 0.566667 0.1875 0 1
2 0.6125 0.566667 0 0 1
5 0.5625 0.566667 0.1875 0.677778 1
5 0.7625 0.522222 0.1875 0 1
5 0.6125 0.522222 0.1875 0 1
2 0.5625 0.522222 0.1875 0 1
5 0.7625 0.477778 0.1875 0 1
2 0.6125 0.477778 0.1875 0 1
2 0.5625 0.477778 0.1875 0 1
0 0.3375 0 0 0 1
2 0.5625 0.433333 0.1875 0 1
5 0.5875 0.433333 0 0.677778 1
5 0.6125 0.388889 0.1875 0 1
2 0.5625 0.388889 0.1875 0 1
5 0.5875 0.477778 0 0 1
5 0.6125 0.344444 0.1875 0 1
2 0.5625 0.344444 0.1875 0 1
5 0.5875 0.433333 0 0 1
5 0.934375 0.319444 0.13125 0.638889 1
5 0.6125 0.3 0.1875 0 1
2 0.5625 0.3 0.1875 0 1
5 0.6125 0.433333 0.1875 0 1
0 0.3125 0 0 0 1
0 0.2875 0.0777778 0 0 1
5 0.2625 0.0777778 0 0 1
0 0.2375 0.0777778 0 0 1
5 0.1625 0.0777778 0 0 1
0 0.1875 0.0777778 0 0 1
5 0.0375 0 0 0 1
5 0.0125 0.0777778 0 0 1
3 0.0375 0.163889 0 0.327778 1
5 0.859375 0.141667 0.28125 0.283333 1
5 0.7375 0.0333333 0 0 1
5 0.5125 0 0 0 1
3 0.5625 0.7 0.1875 0 1
5 0.4625 0.0333333 0 0 1
5 0.4375 0.0333333 0 0 1
5 0.4625 0.0333333 0 0 1
5 0.4375 0.0333333 0 0 1
0 0.3625 0.0333333 0 0 1
0 0.3375 0.0333333 0 0 1
0 0.3125 0.0333333 0 0 1
0 0.2875 0.0333333 0 0 1
5 0.2625 0.0333333 0 0 1
0 0.2375 0.0333333 0 0 1
5 0.0375 0.0333333 0 0 1
5 0.0125 0.0333333 0 0 1
3 0.0375 0.0333333 0 0 1
5 0.4875 0.0333333 0 0 1
