5 0.221094 0.465972 0.0484375 0.0708333 0.408201
6 0.960547 0.295833 0.0773437 0.591667 0.460915
2 0.530469 0.28125 0.0515625 0.543056 0.503921
2 0.947266 0.382639 0.0460938 0.3875 0.661006
6 0.568359 0.283333 0.136719 0.566667 0.670747
1 0.453906 0.406944 0.11875 0.202778 0.723048
1 0.309766 0.468056 0.127344 0.0777778 0.744538
2 0.129688 0.276389 0.0515625 0.480556 0.768168
2 0.187109 0.379861 0.0273438 0.226389 0.778779
2 0.391016 0.377083 0.0320312 0.298611 0.79145
2 0.046875 0.38125 0.0296875 0.218056 0.812519
