0 0.849219 0.452083 0.0765625 0.0847222 0.503703
7 0.663672 0.460417 0.141406 0.0763889 0.568751
0 0.775 0.472917 0.08125 0.0569444 0.75608
6 0.0800781 0.424306 0.158594 0.170833 0.840323
0 0.59375 0.222222 0.0625 0 1
8 0.61875 0.288889 0.0625 0 1
4 0.90625 0.711111 0.0625 0.144444 1
2 0.41875 0.866667 0.0625 0 1
1 0.33125 0.933333 0.0625 0 1
8 0.41875 0.933333 0.0625 0 1
8 0.60625 0.266667 0 0 1
0 0.59375 0.266667 0 0 1
7 0.61875 0.288889 0 0 1
0 0.60625 0.244444 0.0625 0 1
4 0.39375 0.866667 0.20625 0 1
6 0.39375 0.888889 0.20625 0 1
4 0.90625 0.755556 0.1 0 1
2 0.35625 0.85 0.1 0.3 1
4 0.36875 0.85 0.1 0.3 1
2 0.41875 0.866667 0.1 0 1
7 0.41875 0.933333 0 0 1
0 0.59375 0.222222 0 0 1
5 0.61875 0.288889 0 0 1
0 0.40625 0.888889 0.20625 0 1
4 0.901563 0.755556 0.196875 0.255556 1
6 0.33125 0.933333 0.20625 0 1
