2 0.593359 0.45 0.0226563 0.0666667 0.790317
8 0.171875 0.932639 0.06875 0.0736111 0.8407
6 0.199609 0.474306 0.0898438 0.0986111 0.865079
7 0.83125 0.933333 0.1 0 1
1 0.76875 0.888889 0 0 1
2 0.73125 0.888889 0.1 0 1
2 0.71875 0.888889 0.1 0 1
1 0.75625 0.872222 0 0.255556 1
1 0.74375 0.85 0 0.3 1
2 0.73125 0.866667 0.1 0 1
2 0.71875 0.866667 0.1 0 1
2 0.70625 0.866667 0.1 0 1
2 0.69375 0.866667 0.1 0 1
2 0.70625 0.844444 0.1 0 1
2 0.69375 0.844444 0.1 0 1
3 0.65625 0.822222 0 0 1
3 0.66875 0.822222 0 0 1
8 0.65625 0.822222 0 0 1
3 0.64375 0.844444 0 0 1
1 0.74375 0.861111 0.1 0.277778 1
7 0.73125 1 0 0 1
7 0.71875 1 0 0 1
1 0.70625 1 0 0 1
1 0.69375 0.927778 0 0.144444 1
2 0.83125 1 0.1 0 1
2 0.81875 1 0 0 1
1 0.78125 0.955556 0 0 1
2 0.83125 0.977778 0 0 1
0 0.74375 0.755556 0.0625 0 1
5 0.7375 0.877778 0 0 1
0 0.71875 0.733333 0 0 1
0 0.73125 0.733333 0 0 1
0 0.74375 0.733333 0 0 1
0 0.73125 0.733333 0.0625 0 1
2 0.81875 0.977778 0 0 1
1 0.78125 0.933333 0 0 1
2 0.83125 0.911111 0.1 0 1
2 0.81875 0.955556 0 0 1
1 0.64375 0.955556 0 0 1
3 0.64375 0.822222 0 0 1
0 0.73125 0.755556 0.0625 0 1
7 0.73125 0.952778 0 0.0944444 1
7 0.71875 0.952778 0 0.0944444 1
2 0.81875 0.963889 0 0.0722222 1
2 0.83125 0.952778 0.0625 0.0944444 1
2 0.81875 0.952778 0 0.0944444 1
2 0.83125 0.911111 0.0625 0.144444 1
1 0.66875 0.911111 0 0 1
0 0.73125 0.733333 0 0 1
1 0.74375 0.866667 0.0625 0.144444 1
1 0.66875 0.866667 0 0 1
1 0.76875 0.888889 0.0625 0.144444 1
1 0.68125 0.844444 0 0 1
0 0.65625 0.822222 0 0 1
3 0.66875 0.822222 0 0 1
3 0.68125 0.822222 0 0 1
1 0.66875 0.844444 0 0 1
2 0.61875 0.888889 0 0.144444 1
3 0.64375 0.755556 0 0 1
0 0.74375 0.733333 0 0 1
0 0.66875 0.777778 0.1 0 1
5 0.71875 0.755556 0 0 1
5 0.839063 0.877778 0.321875 0 1
5 0.7375 0.922222 0 0 1
3 0.66875 0.822222 0 0 1
1 0.7125 0.966667 0 0 1
0 0.68125 0.822222 0 0 1
7 0.74375 1 0.0625 0 1
3 0.66875 0.844444 0 0 1
2 0.81875 0.963889 0 0.0722222 1
7 0.75625 1 0.0625 0 1
7 0.74375 1 0.0625 0 1
7 0.73125 0.963889 0 0.0722222 1
7 0.71875 0.963889 0 0.0722222 1
2 0.83125 0.977778 0.0625 0 1
2 0.81875 0.952778 0 0.0944444 1
7 0.75625 1 0.0625 0 1
7 0.74375 1 0 0 1
7 0.69375 1 0 0 1
2 0.83125 0.977778 0 0 1
2 0.81875 1 0 0 1
7 0.75625 1 0 0 1
7 0.74375 1 0 0 1
7 0.73125 1 0 0 1
7 0.71875 1 0 0 1
1 0.70625 1 0 0 1
1 0.69375 0.947222 0 0.105556 1
2 0.81875 0.916667 0 0.166667 1
2 0.81875 1 0 0 1
2 0.83125 0.977778 0 0 1
2 0.81875 0.925 0 0.15 1
7 0.78125 0.933333 0 0 1
2 0.73125 0.977778 0 0 1
2 0.71875 0.977778 0 0 1
0 0.71875 0.933333 0.20625 0 1
7 0.78125 0.911111 0 0 1
1 0.65625 0.955556 0 0 1
2 0.83125 1 0 0 1
1 0.7625 0.922222 0 0 1
5 0.7375 0.922222 0 0 1
1 0.7125 0.922222 0.3875 0 1
5 0.834375 0.877778 0.33125 0 1
5 0.7125 0.813889 0 0.372222 1
5 0.6875 0.877778 0 0 1
0 0.7125 0.877778 0 0 1
5 0.834375 0.833333 0.33125 0 1
7 0.70625 1 0 0 1
5 0.7375 0.833333 0 0 1
6 0.7125 0.922222 0.1875 0 1
6 0.7375 0.922222 0.1875 0 1
1 0.7125 0.747222 0.1875 0.505556 1
5 0.6875 0.877778 0 0 1
2 0.81875 0.936111 0 0.127778 1
7 0.75625 1 0 0 1
7 0.74375 1 0 0 1
7 0.73125 1 0 0 1
7 0.71875 1 0 0 1
5 0.7625 0.833333 0 0 1
0 0.65625 0.844444 0.20625 0 1
0 0.64375 0.888889 0.20625 0 1
0 0.81875 0.822222 0.20625 0 1
3 0.68125 0.866667 0 0 1
3 0.66875 0.822222 0 0 1
3 0.64375 0.844444 0 0 1
3 0.64375 0.822222 0 0 1
3 0.83125 0.755556 0.20625 0 1
0 0.73125 0.733333 0 0 1
1 0.64375 0.955556 0 0 1
1 0.7125 0.858333 0.3875 0.283333 1
7 0.75625 1 0 0 1
7 0.74375 1 0 0 1
7 0.73125 1 0 0 1
7 0.71875 1 0 0 1
1 0.70625 1 0 0 1
1 0.69375 1 0 0 1
2 0.83125 0.977778 0 0 1
2 0.81875 0.977778 0 0 1
7 0.75625 1 0 0 1
0 0.74375 0.733333 0 0 1
1 0.78125 0.888889 0 0 1
7 0.76875 0.888889 0 0 1
2 0.61875 0.933333 0 0 1
0 0.64375 0.866667 0.20625 0 1
1 0.74375 0.880556 0.20625 0.238889 1
0 0.71875 0.844444 0.20625 0.255556 1
2 0.70625 0.844444 0.20625 0.255556 1
1 0.74375 0.891667 0 0.216667 1
