2 0.446875 0.484028 0.0421875 0.204167 0.631857
2 0.319531 0.274306 0.0546875 0.540278 0.662917
2 0.855078 0.515972 0.289844 0.820833 0.692531
0 0.135937 0.406944 0.209375 0.208333 0.881947
1 0.8375 0.522222 0.1875 0 1
1 0.909375 0.522222 0.18125 0 1
1 0.8625 0.522222 0.1875 0 1
1 0.934375 0.522222 0.13125 0 1
1 0.959375 0.522222 0.08125 0 1
1 0.809375 0.611111 0.38125 0 1
1 0.834375 0.611111 0.33125 0 1
1 0.859375 0.611111 0.28125 0 1
1 0.884375 0.611111 0.23125 0 1
0 0.7875 0.611111 0.36875 0 1
0 0.8125 0.611111 0.36875 0 1
0 0.839063 0.611111 0.321875 0 1
0 0.864062 0.611111 0.271875 0 1
0 0.889063 0.611111 0.221875 0 1
1 0.7875 0.611111 0.3875 0 1
