8 0.405078 0.557639 0.0476562 0.0513889 0.567644
7 0.675781 0.702778 0.0515625 0.0472222 0.705617
8 0.70625 0.0861111 0 0 0.99948
2 0.959375 0.444444 0.08125 0 1
2 0.965625 0.444444 0.06875 0 1
1 0.09375 0.422222 0 0 1
7 0.63125 0.466667 0 0 1
2 0.61875 0.422222 0.1 0 1
8 0.70625 0.466667 0 0 1
2 0.55625 0.466667 0.1 0 1
2 0.23125 0.466667 0 0 1
1 0.24375 0.488889 0.1 0 1
2 0.55625 0.444444 0.1 0 1
7 0.70625 0.511111 0 0 1
8 0.70625 0.488889 0 0 1
2 0.959375 0.422222 0.08125 0 1
7 0.38125 0.6 0 0 1
7 0.23125 0.6 0 0 1
2 0.90625 0.577778 0.1 0 1
2 0.89375 0.533333 0.1 0 1
1 0.86875 0.577778 0.1 0 1
8 0.38125 0.533333 0 0 1
8 0.23125 0.577778 0 0 1
2 1 0.555556 0 0.333333 1
1 0.49375 0.511111 0 0 1
7 0.45625 0.555556 0 0 1
2 0.14375 0.511111 0.1 0 1
2 1 0.488889 0 0 1
1 0.98125 0.488889 0 0 1
8 0.45625 0.533333 0 0 1
2 0.15625 0.533333 0.1 0 1
2 0.14375 0.488889 0.1 0 1
1 0.11875 0.533333 0.1 0 1
1 0.74375 0.444444 0.1 0 1
2 0.91875 0.466667 0.1 0.333333 1
1 0.84375 0.466667 0 0 1
2 0.15625 0.511111 0.1 0 1
2 0.91875 0.2 0.1 0 1
4 0.90625 0.2 0 0 1
2 0.65625 0.2 0 0 1
4 0.58125 0.2 0 0 1
5 0.50625 0.244444 0.1 0.333333 1
4 0.49375 0.244444 0.1 0.333333 1
2 0.20625 0.2 0 0.333333 1
2 0.18125 0.2 0 0 1
2 0.10625 0.244444 0 0 1
2 0.63125 0.4 0.1 0 1
8 0.88125 0.222222 0 0 1
2 0.68125 0.222222 0 0.333333 1
1 0.65625 0.177778 0.1 0 1
2 0.959375 0.155556 0.08125 0 1
2 0.83125 0.155556 0.1 0 1
2 0.81875 0.155556 0.1 0 1
7 0.53125 0.2 0 0 1
2 0.15625 0.155556 0 0 1
2 0.965625 0.177778 0.06875 0 1
2 0.959375 0.133333 0.08125 0 1
1 0.94375 0.177778 0.1 0 1
2 0.11875 0.244444 0 0 1
2 0.69375 0.4 0 0 1
0 0.21875 0.4 0.1 0 1
2 0.15625 0.377778 0.1 0 1
2 0.15625 0.355556 0 0 1
7 0.83125 0.377778 0.1 0 1
7 0.75625 0.377778 0.1 0 1
1 0.30625 0.333333 0 0 1
1 0.76875 0.355556 0.1 0 1
1 0.70625 0.355556 0.1 0 1
1 0.69375 0.355556 0.1 0 1
2 0.16875 0.311111 0.1 0.333333 1
2 0.90625 0.2 0 0 1
8 0.71875 0.333333 0 0 1
8 0.71875 0.333333 0 0 1
2 0.18125 0.333333 0 0 1
2 0.16875 0.333333 0 0.333333 1
2 0.83125 0.266667 0 0 1
2 0.81875 0.266667 0 0 1
8 0.79375 0.311111 0 0 1
2 0.75625 0.266667 0 0 1
8 0.73125 0.311111 0 0 1
1 0.01875 0.288889 0 0 1
1 0.45625 0.222222 0 0.333333 1
2 0.41875 0.222222 0 0 1
8 0.78125 0.333333 0 0 1
0 0.63125 0.8 0 0 1
0 0.60625 0.8 0 0 1
2 0.18125 0.8 0 0 1
2 0.89375 0.777778 0.1 0 1
2 0.85625 0.777778 0 0 1
2 0.84375 0.777778 0 0 1
0 0.75625 0.822222 0 0 1
0 0.74375 0.822222 0 0 1
0 0.63125 0.822222 0 0 1
0 0.61875 0.822222 0 0 1
0 0.60625 0.822222 0 0 1
2 0.38125 0.577778 0 0 1
2 0.48125 0.777778 0 0 1
2 0.45625 0.777778 0 0 1
2 0.44375 0.777778 0 0 1
2 0.35625 0.777778 0 0 1
2 0.30625 0.777778 0 0 1
2 0.18125 0.777778 0 0 1
2 0.16875 0.777778 0 0 1
1 0.15625 0.777778 0 0 1
2 0.08125 0.777778 0 0 1
4 0.046875 0.822222 0.09375 0.333333 1
2 0.90625 0.755556 0.1 0 1
0 0.59375 0.822222 0 0 1
2 0.18125 0.977778 0.1 0 1
2 0.16875 0.933333 0.1 0 1
1 0.034375 0.977778 0.06875 0 1
7 0.43125 0.955556 0 0 1
2 0.40625 0.888889 0 0 1
1 0.21875 0.933333 0.1 0 1
4 0 0.911111 0 0 1
8 0.90625 0.822222 0 0 1
4 0.91875 0.822222 0 0 1
2 0.85625 0.822222 0 0 1
0 0.75625 0.822222 0 0 1
0 0.64375 0.844444 0 0 1
0 0.60625 0.822222 0 0 1
2 0.50625 0.822222 0 0 1
1 0.45625 0.822222 0 0 1
1 0.44375 0.822222 0 0 1
1 0.18125 0.822222 0 0 1
2 0.15625 0.85 0 0.3 1
0 0.79375 0.8 0.1 0 1
0 0.75625 0.844444 0 0 1
0 0.76875 0.844444 0.1 0 1
0 0.75625 0.8 0 0 1
0 0.63125 0.844444 0.1 0 1
0 0.63125 0.822222 0 0 1
2 0.63125 0.688889 0 0 1
2 0.38125 0.688889 0 0 1
1 0.84375 0.666667 0 0 1
2 0.63125 0.666667 0 0 1
2 0.94375 0.644444 0.1 0 1
2 0.63125 0.644444 0 0 1
2 0.61875 0.644444 0 0 1
1 0.29375 0.688889 0.1 0.333333 1
1 0.24375 0.688889 0 0 1
2 0.94375 0.622222 0.1 0 1
2 0.88125 0.666667 0 0.333333 1
2 0.89375 0.755556 0.1 0 1
2 0.55625 0.6 0.1 0 1
2 0.54375 0.6 0.1 0 1
2 0.38125 0.6 0 0 1
2 0.35625 0.644444 0 0.333333 1
2 0.55625 0.622222 0.1 0 1
2 0.54375 0.577778 0.1 0 1
1 0.51875 0.622222 0.1 0 1
2 0.83125 0.177778 0.1 0 1
2 0.90625 0.555556 0.1 0 1
2 0.89375 0.555556 0.1 0 1
2 0.63125 0.555556 0 0 1
2 0.61875 0.622222 0 0.333333 1
1 0.86875 0.8 0.1 0 1
2 0.85625 0.755556 0.1 0 1
2 0.80625 0.8 0 0 1
0 0.81875 0.755556 0.1 0 1
2 0.18125 0.755556 0.1 0 1
2 0.03125 0.8 0 0.333333 1
2 0.83125 0.733333 0 0 1
0 0.79375 0.777778 0 0 1
0 0.78125 0.777778 0 0 1
0 0.76875 0.733333 0 0 1
0 0.76875 0.733333 0 0 1
1 0.84375 0.733333 0 0 1
2 0.44375 0.733333 0 0 1
2 0.43125 0.733333 0 0 1
2 0.34375 0.733333 0 0.333333 1
2 0.29375 0.733333 0.1 0 1
8 0.76875 0.755556 0 0 1
8 0.64375 0.755556 0 0 1
2 0.50625 0.755556 0 0.333333 1
2 0.45625 0.711111 0.1 0 1
2 0.30625 0.755556 0.1 0 1
2 0.29375 0.711111 0.1 0 1
1 0.26875 0.755556 0.1 0 1
2 0.25625 0.755556 0 0.333333 1
2 0.45625 0.733333 0 0 1
2 0.24375 0.644444 0 0 1
0 0.88125 0.622222 0 0.144444 1
2 0.63125 0.622222 0 0 1
2 0.38125 0.6 0 0 1
2 0.51875 0.577778 0.0625 0 1
2 0.38125 0.577778 0 0.144444 1
5 0.38125 0.6 0.0625 0 1
5 0.23125 0.6 0.0625 0 1
2 0.86875 0.533333 0.0625 0 1
2 0.38125 0.533333 0 0.144444 1
2 0.15625 0.133333 0 0 1
2 0.49375 0.511111 0 0 1
5 0.45625 0.555556 0.0625 0 1
2 1 0.488889 0 0 1
2 0.11875 0.488889 0.0625 0 1
2 0.84375 0.466667 0 0 1
5 0.70625 0.511111 0.0625 0 1
2 0.63125 0.466667 0 0 1
2 0.24375 0.444444 0.0625 0 1
2 0.70625 0.422222 0 0 1
2 0.74375 0.4 0.0625 0 1
2 0.69375 0.4 0 0.144444 1
2 1 0.555556 0 0 1
0 0.03125 0.755556 0 0.144444 1
2 0.80625 0.733333 0 0 1
0 0.81875 0.733333 0.0625 0.144444 1
0 0.78125 0.733333 0 0 1
0 0.76875 0.733333 0 0 1
0 0.75625 0.733333 0 0 1
0 0.76875 0.733333 0 0 1
0 0.63125 0.733333 0 0 1
0 0.64375 0.733333 0 0 1
2 0.45625 0.733333 0 0 1
2 0.44375 0.733333 0 0 1
2 0.61875 0.644444 0.0625 0.144444 1
5 0.76875 0.755556 0.0625 0 1
0 0.50625 0.711111 0 0.144444 1
2 0.45625 0.711111 0.0625 0.144444 1
0 0.44375 0.711111 0.0625 0 1
2 0.26875 0.711111 0.0625 0 1
0 0.25625 0.711111 0 0.144444 1
2 0.84375 0.688889 0 0 1
2 0.63125 0.688889 0 0.144444 1
2 0.38125 0.688889 0 0.144444 1
2 0.63125 0.666667 0 0.144444 1
2 0.63125 0.644444 0 0 1
2 0.43125 0.733333 0 0.144444 1
0 0.23125 0.133333 0 0.144444 1
2 0.15625 0.133333 0 0.144444 1
5 0.63125 0.155556 0.0625 0 1
5 0.60625 0.155556 0.0625 0 1
5 0.20625 0.155556 0.0625 0 1
2 0.15625 0.111111 0 0 1
2 0.14375 0.111111 0 0.144444 1
0 0.14375 0.0888889 0.0625 0.144444 1
2 0.025 0.0888889 0.05 0 1
2 0.91875 0.0666667 0 0 1
5 0.83125 0.377778 0.0625 0 1
5 0.70625 0.111111 0.0625 0.00277778 1
5 0.65625 0.111111 0.0625 0 1
5 0.20625 0.111111 0.0625 0 1
2 0.90625 0.0583333 0 0.116667 1
2 0.76875 0.0444444 0.0625 0 1
2 0.20625 0.0583333 0 0.116667 1
2 0.90625 0.0472222 0 0.0944444 1
2 0 0.0222222 0 0 1
0 0.95625 0.0361111 0 0.0722222 1
2 0.21875 0 0.0625 0 1
2 0.74375 0 0 0 1
2 0.90625 0.0666667 0 0 1
5 0.75625 0.377778 0.0625 0 1
1 0.30625 0.333333 0 0 1
0 0.76875 0.311111 0 0 1
0 0.70625 0.311111 0 0 1
0 0.78125 0.333333 0.0625 0 1
0 0.78125 0.288889 0.0625 0 1
0 0.71875 0.333333 0.0625 0 1
0 0.71875 0.333333 0.0625 0 1
5 0.79375 0.311111 0.0625 0 1
5 0.73125 0.311111 0.0625 0 1
1 0.01875 0.244444 0 0.144444 1
0 0.70625 0.133333 0 0.144444 1
2 0.91875 0.2 0.0625 0 1
0 0.88125 0.2 0 0 1
2 0.65625 0.2 0 0.144444 1
0 0.58125 0.2 0 0 1
2 0.18125 0.2 0 0 1
0 0.88125 0.222222 0.0625 0 1
0 0.68125 0.177778 0 0.144444 1
2 0.65625 0.177778 0.0625 0.144444 1
5 0.53125 0.2 0.0625 0 1
2 0.15625 0.155556 0 0.144444 1
2 0.79375 0.133333 0.0625 0 1
2 0.93125 0.2 0 0 1
7 0.65625 0.111111 0 0 1
8 0.20625 0.111111 0 0 1
1 0.91875 0.0444444 0 0 1
2 0.90625 0.0444444 0 0 1
1 0.76875 0.0888889 0.1 0 1
8 0.65625 0.0888889 0 0 1
8 0.20625 0.0888889 0 0 1
2 0.90625 0.0222222 0 0 1
8 0.20625 0.0222222 0 0 1
1 0 0.0222222 0 0 1
0 0.16875 0.755556 0.0625 0 1
1 0.21875 0.0444444 0.1 0 1
1 0 0 0 0 1
1 0.74375 0.0222222 0 0 1
2 0.20625 0 0.1 0 1
2 0.03125 0.0833333 0 0.166667 1
4 0.025 0.933333 0.05 0 1
8 0.43125 0.955556 0.0625 0 1
2 0 0.866667 0 0 1
0 0.90625 0.822222 0 0 1
0 0.91875 0.822222 0 0 1
0 0.76875 0.822222 0.0625 0 1
2 0.95625 0.105556 0 0.211111 1
2 0.81875 0.133333 0.1 0 1
1 0.79375 0.177778 0.1 0 1
2 0.70625 0.177778 0 0.333333 1
8 0.53125 0.177778 0 0 1
2 0.23125 0.177778 0 0.333333 1
2 0.959375 0.933333 0.08125 0 1
1 0.06875 0.15 0.1 0.3 1
7 0.63125 0.155556 0 0 1
7 0.60625 0.155556 0 0 1
7 0.20625 0.155556 0 0 1
2 0.15625 0.111111 0 0 1
7 0.70625 0.111111 0 0 1
2 0.11875 0.138889 0 0.277778 1
2 0.90625 0.0888889 0 0 1
6 0.83125 0.133333 0.1 0 1
8 0.63125 0.133333 0 0 1
2 0.30625 0.0888889 0.1 0 1
8 0.20625 0.133333 0 0 1
2 0.05625 0.133333 0.1 0 1
2 0.046875 0.0888889 0.09375 0 1
4 0.034375 0.133333 0.06875 0 1
1 0.91875 0.111111 0 0 1
2 0.90625 0.0666667 0 0 1
2 0.14375 0.111111 0 0 1
0 0.61875 0.777778 0 0 1
0 0.60625 0.822222 0 0 1
0 0.59375 0.777778 0 0 1
2 0.48125 0.777778 0 0 1
2 0.45625 0.777778 0 0 1
0 0.44375 0.777778 0 0 1
0 0.40625 0.777778 0 0 1
2 0.35625 0.777778 0 0 1
2 0.30625 0.777778 0 0 1
2 0.18125 0.777778 0 0 1
0 0.75625 0.822222 0.0625 0 1
0 0.08125 0.777778 0 0 1
2 0.86875 0.755556 0.0625 0 1
2 0.85625 0.755556 0.0625 0.144444 1
0 0.84375 0.755556 0.0625 0 1
2 0.80625 0.8 0 0 1
0 0.81875 0.755556 0.0625 0 1
0 0.74375 0.755556 0 0 1
0 0.61875 0.755556 0 0 1
0 0.59375 0.755556 0 0 1
0 0.48125 0.755556 0.0625 0.144444 1
2 0.18125 0.755556 0.0625 0.144444 1
2 0.16875 0.777778 0 0 1
0 0.63125 0.822222 0.0625 0 1
0 0.60625 0.822222 0.0625 0 1
2 0.50625 0.822222 0 0 1
1 0.45625 0.822222 0 0 1
1 0.44375 0.822222 0 0 1
0 0.16875 0.822222 0 0 1
2 0.18125 0.822222 0 0 1
0 0.79375 0.8 0.0625 0.144444 1
0 0.75625 0.844444 0.0625 0 1
0 0.76875 0.8 0.0625 0 1
0 0.75625 0.8 0.0625 0 1
0 0.63125 0.822222 0 0 1
0 0.63125 0.844444 0.0625 0 1
0 0.64375 0.8 0.0625 0 1
0 0.63125 0.8 0.0625 0 1
0 0.61875 0.8 0.0625 0 1
0 0.60625 0.8 0.0625 0 1
0 0.59375 0.8 0.0625 0 1
2 0.18125 0.8 0 0.144444 1
2 0.85625 0.777778 0 0 1
2 0.84375 0.777778 0 0 1
0 0.75625 0.822222 0 0 1
0 0.74375 0.777778 0 0 1
0 0.74375 0.8 0.0625 0 1
1 0.55625 0.733333 0.20625 0 1
1 0.54375 0.733333 0 0 1
2 0.38125 0.733333 0.20625 0.255556 1
0 0.30625 0.733333 0.20625 0 1
0 0.29375 0.733333 0.20625 0 1
2 0.63125 0.711111 0 0 1
2 0.38125 0.666667 0.20625 0 1
2 0.18125 0.955556 0.1 0 1
2 0.920313 0.688889 0.159375 0.255556 1
2 0.63125 0.688889 0 0 1
2 0.61875 0.688889 0.20625 0 1
1 0.29375 0.688889 0.20625 0.255556 1
2 0.88125 0.666667 0 0.255556 1
2 0.61875 0.622222 0 0.255556 1
0 0.29375 0.711111 0.20625 0 1
2 0.939062 0.777778 0.121875 0 1
2 0.932813 0.777778 0.134375 0 1
0 0.89375 0.777778 0.20625 0 1
0 0.78125 0.733333 0 0 1
0 0.76875 0.733333 0 0 1
0 0.76875 0.733333 0 0 1
6 0.75625 0.733333 0.20625 0 1
0 0.63125 0.733333 0 0 1
6 0.63125 0.733333 0.20625 0 1
6 0.60625 0.733333 0.20625 0 1
1 0.54375 0.777778 0.20625 0.255556 1
2 0.63125 0.688889 0 0 1
2 0.44375 0.777778 0 0 1
2 0.43125 0.777778 0 0 1
2 0.29375 0.733333 0 0.255556 1
4 0.76875 0.755556 0 0 1
4 0.64375 0.755556 0 0 1
2 0.50625 0.755556 0 0.255556 1
2 0.45625 0.711111 0.20625 0 1
2 0.29375 0.755556 0.20625 0.255556 1
2 0.25625 0.755556 0 0.255556 1
2 0.45625 0.733333 0 0 1
2 0.14375 0.511111 0 0.255556 1
3 0.0984375 0.533333 0.196875 0 1
5 0.70625 0.511111 0 0 1
2 0.55625 0.466667 0 0 1
2 0.38125 0.466667 0 0 1
2 0.28125 0.466667 0.20625 0 1
0 0.14375 0.511111 0.20625 0 1
2 0.55625 0.488889 0 0.255556 1
2 0.54375 0.488889 0 0 1
2 0.54375 0.466667 0 0 1
2 0.54375 0.6 0 0.255556 1
2 0.38125 0.6 0.20625 0 1
2 0.939062 0.622222 0.121875 0.255556 1
3 0.49375 0.622222 0.20625 0 1
2 0.38125 0.622222 0 0 1
2 0.89375 0.555556 0 0.255556 1
2 0.29375 0.511111 0 0 1
5 0.23125 0.6 0 0 1
3 0.84375 0.577778 0.20625 0 1
2 0.58125 0.577778 0.20625 0.255556 1
0 0.54375 0.577778 0.20625 0 1
2 0.920313 0.555556 0.159375 0.255556 1
0 0.89375 0.555556 0.20625 0 1
5 0.45625 0.555556 0 0 1
2 0.30625 0.511111 0 0 1
0 0.54375 0.6 0.20625 0 1
8 0.43125 0.955556 0 0 1
0 0.16875 0.955556 0.20625 0 1
2 0.914062 0.933333 0.171875 0 1
2 0.03125 0.8 0 0.255556 1
2 0.51875 0.902778 0.20625 0.194444 1
3 0.0796875 0.902778 0.159375 0.194444 1
1 0.932813 0.891667 0.134375 0.216667 1
1 0.16875 0.880556 0.20625 0.238889 1
2 0.98125 0.866667 0 0.255556 1
4 0.89375 0.822222 0 0 1
0 0.76875 0.822222 0 0 1
0 0.75625 0.822222 0 0 1
2 0.96875 0.913889 0 0.172222 1
2 0.84375 0.913889 0 0.172222 1
2 0.16875 0.913889 0 0.172222 1
2 0.932813 0.925 0.134375 0.15 1
2 0.59375 0.913889 0.20625 0.172222 1
2 0.16875 0.925 0.20625 0.15 1
2 0.0796875 0.925 0.159375 0.15 1
3 0.0484375 0.977778 0.096875 0 1
0 0.932813 0.913889 0.134375 0.172222 1
0 0.89375 0.955556 0.20625 0 1
2 0.79375 0.913889 0.20625 0.172222 1
2 0.68125 0.925 0.20625 0.15 1
0 0.75625 0.822222 0 0 1
0 0.74375 0.822222 0 0 1
0 0.63125 0.822222 0 0 1
0 0.61875 0.822222 0 0 1
0 0.60625 0.822222 0 0 1
0 0.59375 0.822222 0 0 1
2 0.48125 0.777778 0 0 1
2 0.30625 0.777778 0 0 1
2 0.18125 0.777778 0 0 1
2 0.16875 0.822222 0 0 1
2 0.15625 0.822222 0 0 1
0 0.63125 0.822222 0 0 1
2 0.0609375 0.822222 0.121875 0.255556 1
2 0.926562 0.8 0.146875 0 1
3 0.84375 0.8 0.20625 0 1
2 0.85625 0.755556 0.20625 0 1
0 0.81875 0.8 0.20625 0 1
2 0.45625 0.755556 0 0 1
2 0.18125 0.755556 0.20625 0 1
4 0.08125 0.777778 0 0 1
0 0.60625 0.822222 0 0 1
2 0.50625 0.822222 0 0 1
1 0.45625 0.822222 0 0 1
1 0.44375 0.822222 0 0 1
4 0.16875 0.822222 0 0 1
2 0.18125 0.822222 0 0 1
0 0.79375 0.8 0.20625 0 1
0 0.78125 0.844444 0 0 1
0 0.76875 0.844444 0 0 1
0 0.75625 0.8 0 0 1
0 0.80625 0.777778 0 0 1
0 0.64375 0.844444 0 0 1
0 0.63125 0.8 0 0 1
0 0.60625 0.8 0 0 1
2 0.18125 0.844444 0 0 1
3 0.932813 0.777778 0.134375 0.255556 1
2 0.926562 0.822222 0.146875 0 1
2 0.920313 0.822222 0.159375 0.255556 1
2 0.901563 0.777778 0.196875 0 1
2 0.89375 0.777778 0.20625 0 1
2 0.85625 0.777778 0 0 1
2 0.84375 0.822222 0 0 1
0 0.63125 0.844444 0 0 1
2 0.04375 0.119444 0 0.238889 1
0 0.932813 0.133333 0.134375 0 1
0 0.83125 0.133333 0.20625 0 1
0 0.84375 0.133333 0.20625 0 1
2 0.0734375 0.133333 0.146875 0.255556 1
3 0.0484375 0.133333 0.096875 0 1
2 0.26875 0.488889 0.20625 0.255556 1
2 0.80625 0.0972222 0 0.194444 1
5 0.65625 0.111111 0 0 1
0 0.29375 0.119444 0.20625 0.238889 1
2 0.0921875 0.0666667 0.184375 0 1
0 0.0796875 0.111111 0.159375 0 1
0 0.0734375 0.111111 0.146875 0 1
1 0.932813 0.119444 0.134375 0.238889 1
2 0.96875 0.155556 0 0.255556 1
2 0.81875 0.155556 0 0.255556 1
5 0.53125 0.2 0 0 1
2 0.39375 0.2 0.20625 0.255556 1
0 0.35625 0.2 0.20625 0 1
0 0.34375 0.155556 0.20625 0 1
2 0.15625 0.2 0 0 1
2 0.932813 0.177778 0.134375 0.255556 1
3 0.76875 0.177778 0.20625 0 1
2 0.70625 0.177778 0 0.255556 1
2 0.23125 0.177778 0 0.255556 1
2 0.15625 0.177778 0 0 1
1 0.0859375 0.177778 0.171875 0.255556 1
0 0.932813 0.155556 0.134375 0 1
5 0.63125 0.155556 0 0 1
5 0.20625 0.155556 0 0 1
2 0.15625 0.111111 0 0 1
2 0.14375 0.111111 0 0 1
2 0.83125 0.177778 0.20625 0.255556 1
1 0.50625 0.0222222 0.20625 0 1
2 0.901563 0 0.196875 0 1
1 0.83125 0.0638889 0.20625 0.127778 1
2 0.65625 0.0416667 0.20625 0.0833333 1
3 0.74375 0.0888889 0.20625 0 1
1 0.53125 0 0.20625 0 1
1 0.51875 0 0.20625 0 1
0 0.46875 0 0.20625 0 1
1 0.48125 0 0 0 1
2 0.15625 0.0638889 0.20625 0.127778 1
2 0.03125 0.0638889 0 0.127778 1
2 0.959375 0.955556 0.08125 0 1
0 0.03125 0.0138889 0 0.0277778 1
2 0.16875 0.955556 0.1 0 1
2 0.965625 0.933333 0.06875 0 1
2 0.34375 0.108333 0.20625 0.216667 1
2 0.901563 0.0666667 0.196875 0 1
2 0.84375 0.0972222 0.20625 0.194444 1
1 0.29375 0.0666667 0.20625 0 1
2 0.95625 0.0861111 0 0.172222 1
2 0.901563 0 0.196875 0 1
1 0.51875 0.0222222 0.20625 0 1
0 0.39375 0.0444444 0.20625 0 1
1 0.29375 0.0444444 0.20625 0 1
3 0.19375 0.0444444 0.20625 0 1
2 0.0921875 0.0861111 0.184375 0.172222 1
1 0.81875 0.0222222 0.20625 0 1
2 0.59375 0.075 0.20625 0.15 1
1 0.53125 0.0222222 0.20625 0 1
2 0.50625 0.0861111 0.20625 0.172222 1
2 0.15625 0.377778 0 0 1
2 0.65625 0.355556 0.20625 0 1
2 0.64375 0.4 0.20625 0 1
2 0.56875 0.4 0 0.255556 1
2 0.68125 0.222222 0 0.255556 1
2 0.50625 0.4 0.20625 0 1
2 0.46875 0.4 0.20625 0.255556 1
2 0.15625 0.4 0 0.255556 1
0 0.85625 0.377778 0 0.255556 1
0 0.84375 0.377778 0.20625 0.255556 1
5 0.83125 0.377778 0.20625 0 1
5 0.75625 0.377778 0.20625 0 1
2 0.65625 0.377778 0.20625 0 1
3 0.21875 0.488889 0.20625 0 1
2 0.18125 0.488889 0.20625 0.255556 1
0 0.14375 0.488889 0.20625 0 1
2 0.63125 0.422222 0.20625 0 1
2 0.61875 0.422222 0 0 1
2 0.76875 0.444444 0.20625 0.255556 1
3 0.71875 0.444444 0.20625 0 1
2 0.69375 0.444444 0 0 1
2 0.63125 0.444444 0 0.255556 1
2 0.61875 0.4 0 0 1
2 0.36875 0.444444 0.20625 0.255556 1
0 0.932813 0.422222 0.134375 0 1
2 0.932813 0.444444 0.134375 0.255556 1
1 0.35625 0.333333 0.20625 0.255556 1
1 0.31875 0.333333 0.20625 0 1
2 0.18125 0.333333 0 0.255556 1
8 0.76875 0.311111 0 0 1
8 0.70625 0.311111 0 0 1
2 0.65625 0.244444 0.20625 0 1
2 0.64375 0.377778 0.20625 0 1
2 0.65625 0.266667 0.20625 0 1
2 0.901563 0.2 0.196875 0 1
2 0.89375 0.2 0.20625 0 1
1 0.71875 0.244444 0 0 1
2 0.69375 0.244444 0.20625 0.255556 1
2 0.65625 0.2 0 0 1
2 0.46875 0.244444 0.20625 0.255556 1
1 0.26875 0.244444 0.20625 0 1
2 0.15625 0.2 0 0 1
4 0.88125 0.222222 0 0 1
1 0.01875 0.288889 0 0 1
2 0.56875 0.377778 0.20625 0.255556 1
1 0.30625 0.333333 0.20625 0 1
2 0.0609375 0.333333 0.121875 0 1
0 0.85625 0.355556 0 0.255556 1
1 0.85625 0.333333 0.20625 0.255556 1
4 0.68125 0.355556 0.20625 0 1
4 0.66875 0.355556 0.20625 0 1
2 0.31875 0.355556 0.20625 0.255556 1
2 0.16875 0.355556 0.20625 0.255556 1
2 0.0859375 0.355556 0.171875 0.255556 1
2 0.0609375 0.355556 0.121875 0 1
2 0.907812 0.333333 0.184375 0.255556 1
4 0.74375 0.355556 0.20625 0 1
