7 0.29375 0.377778 0.20625 0.255556 1
7 0.0796875 0.333333 0.159375 0 1
1 0.86875 0.355556 0.20625 0.255556 1
1 0.85625 0.355556 0.20625 0 1
6 0.69375 0.355556 0.20625 0.255556 1
1 0.61875 0.355556 0.20625 0.255556 1
6 0.13125 0.377778 0.20625 0.255556 1
7 0.0734375 0.155556 0.146875 0 1
1 0.85625 0.177778 0.20625 0 1
1 0.85625 0.2 0.20625 0 1
6 0.24375 0.2 0.20625 0.255556 1
1 0.85625 0.133333 0.20625 0 1
6 0.19375 0.133333 0.20625 0.255556 1
6 0.65625 0.119444 0.20625 0.238889 1
7 0.0796875 0.133333 0.159375 0 1
7 0.0734375 0.133333 0.146875 0 1
1 0.85625 0.155556 0.20625 0 1
1 0.88125 0.133333 0.20625 0.255556 1
1 0.61875 0.155556 0.20625 0.255556 1
6 0.54375 0.155556 0.20625 0.255556 1
6 0.0984375 0.155556 0.196875 0.255556 1
6 0.71875 0.155556 0.20625 0.255556 1
1 0.66875 0.266667 0.20625 0.255556 1
1 0.53125 0.266667 0.20625 0.255556 1
1 0.40625 0.288889 0.20625 0.255556 1
1 0.85625 0.266667 0.20625 0 1
3 0.24375 0.244444 0.20625 0.255556 1
6 0.16875 0.244444 0.20625 0.255556 1
1 0.85625 0.222222 0.20625 0 1
1 0.33125 0.266667 0.20625 0.255556 1
1 0.24375 0.266667 0.20625 0.255556 1
6 0.0984375 0.266667 0.196875 0.255556 1
1 0.85625 0.244444 0.20625 0 1
6 0.68125 0.244444 0.20625 0.255556 1
6 0.59375 0.244444 0.20625 0.255556 1
1 0.86875 0.244444 0.20625 0.255556 1
4 0.59375 0.488889 0.0625 0.144444 1
6 0.29375 0.511111 0.0625 0.144444 1
1 0.70625 0.488889 0.0625 0.144444 1
1 0.65625 0.488889 0.0625 0.144444 1
7 0.58125 0.444444 0.0625 0.144444 1
6 0.26875 0.488889 0.0625 0.144444 1
6 0.24375 0.488889 0.0625 0.144444 1
6 0.21875 0.488889 0.0625 0.144444 1
6 0.19375 0.488889 0.0625 0.144444 1
1 0.18125 0.488889 0.0625 0.144444 1
1 0.14375 0.488889 0.0625 0.144444 1
1 0.10625 0.488889 0.0625 0.144444 1
6 0.56875 0.466667 0.0625 0.144444 1
6 0.54375 0.466667 0.0625 0.144444 1
6 0.51875 0.466667 0.0625 0.144444 1
6 0.49375 0.466667 0.0625 0.144444 1
6 0.45625 0.466667 0.0625 0.144444 1
7 0.59375 0.533333 0.0625 0.144444 1
1 0.21875 0.555556 0.0625 0.144444 1
3 0.06875 0.555556 0.0625 0.144444 1
4 0.63125 0.511111 0.0625 0.144444 1
6 0.59375 0.511111 0.0625 0.144444 1
6 0.55625 0.511111 0.0625 0.144444 1
6 0.53125 0.511111 0.0625 0.144444 1
6 0.50625 0.511111 0.0625 0.144444 1
6 0.44375 0.511111 0.0625 0.144444 1
6 0.41875 0.511111 0.0625 0.144444 1
6 0.39375 0.511111 0.0625 0.144444 1
6 0.36875 0.511111 0.0625 0.144444 1
6 0.34375 0.511111 0.0625 0.144444 1
6 0.31875 0.511111 0.0625 0.144444 1
6 0.48125 0.511111 0.0625 0.144444 1
7 0.29375 0.533333 0.0625 0.144444 1
7 0.26875 0.533333 0.0625 0.144444 1
7 0.24375 0.533333 0.0625 0.144444 1
1 0.24375 0.533333 0.0625 0.144444 1
1 0.19375 0.533333 0.0625 0.144444 1
1 0.13125 0.533333 0.0625 0.144444 1
1 0.09375 0.533333 0.0625 0.144444 1
3 0.04375 0.533333 0.0625 0.144444 1
1 0.73125 0.511111 0.0625 0.144444 1
1 0.68125 0.511111 0.0625 0.144444 1
4 0.65625 0.511111 0.0625 0.144444 1
1 0.16875 0.533333 0.0625 0.144444 1
0 0.45625 0.244444 0.0625 0.144444 1
0 0.49375 0.222222 0.0625 0.144444 1
3 0.69375 0.266667 0.0625 0.144444 1
0 0.54375 0.266667 0.0625 0.144444 1
0 0.51875 0.266667 0.0625 0.144444 1
1 0.73125 0.244444 0.0625 0.144444 1
1 0.71875 0.288889 0.0625 0.144444 1
3 0.70625 0.0888889 0.0625 0.144444 1
0 0.38125 0.222222 0.0625 0.144444 1
1 0.66875 0.0583333 0.0625 0.116667 1
1 0.71875 0.0583333 0.0625 0.116667 1
2 0.93125 0.0138889 0 0.0277778 1
1 0.73125 0.0361111 0.0625 0.0722222 1
3 0.69375 0.0583333 0.0625 0.116667 1
0 0.34375 0.222222 0.0625 0.144444 1
0 0.31875 0.222222 0.0625 0.144444 1
1 0.71875 0.2 0.0625 0.144444 1
3 0.70625 0.177778 0.0625 0.144444 1
1 0.70625 0.155556 0.0625 0.144444 1
3 0.69375 0.133333 0.0625 0.144444 1
1 0.66875 0.133333 0.0625 0.144444 1
1 0.71875 0.111111 0.0625 0.144444 1
1 0.73125 0.155556 0.0625 0.144444 1
7 0.51875 0.422222 0.0625 0.144444 1
7 0.49375 0.422222 0.0625 0.144444 1
7 0.46875 0.422222 0.0625 0.144444 1
7 0.40625 0.422222 0.0625 0.144444 1
7 0.35625 0.422222 0.0625 0.144444 1
7 0.26875 0.422222 0.0625 0.144444 1
7 0.24375 0.422222 0.0625 0.144444 1
7 0.38125 0.422222 0.0625 0.144444 1
7 0.44375 0.444444 0.0625 0.144444 1
6 0.41875 0.444444 0.0625 0.144444 1
6 0.39375 0.444444 0.0625 0.144444 1
6 0.36875 0.444444 0.0625 0.144444 1
6 0.34375 0.444444 0.0625 0.144444 1
7 0.33125 0.444444 0.0625 0.144444 1
7 0.30625 0.444444 0.0625 0.144444 1
6 0.25625 0.444444 0.0625 0.144444 1
6 0.23125 0.444444 0.0625 0.144444 1
6 0.20625 0.444444 0.0625 0.144444 1
4 0.19375 0.444444 0.0625 0.144444 1
1 0.73125 0.422222 0.0625 0.144444 1
4 0.56875 0.422222 0.0625 0.144444 1
7 0.55625 0.422222 0.0625 0.144444 1
6 0.29375 0.444444 0.0625 0.144444 1
1 0.39375 0.333333 0.0625 0.144444 1
1 0.36875 0.333333 0.0625 0.144444 1
1 0.34375 0.333333 0.0625 0.144444 1
1 0.31875 0.333333 0.0625 0.144444 1
1 0.29375 0.333333 0.0625 0.144444 1
1 0.26875 0.333333 0.0625 0.144444 1
1 0.88125 0.311111 0.0625 0.144444 1
0 0.85625 0.377778 0.0625 0 1
1 0.71875 0.377778 0.0625 0.144444 1
1 0.53125 0.377778 0.0625 0.144444 1
1 0.50625 0.377778 0.0625 0.144444 1
1 0.54375 0.333333 0.0625 0.144444 1
1 0.51875 0.333333 0.0625 0.144444 1
1 0.49375 0.333333 0.0625 0.144444 1
1 0.46875 0.333333 0.0625 0.144444 1
1 0.44375 0.333333 0.0625 0.144444 1
1 0.41875 0.333333 0.0625 0.144444 1
1 0.73125 0.333333 0.0625 0.144444 1
1 0.40625 0.355556 0.1 0.333333 1
1 0.36875 0.377778 0.1 0.333333 1
1 0.24375 0.355556 0.1 0.333333 1
6 0.11875 0.333333 0.1 0.333333 1
3 0.61875 0.444444 0.1 0.333333 1
7 0.58125 0.4 0.1 0.333333 1
7 0.53125 0.4 0.1 0.333333 1
7 0.48125 0.4 0.1 0.333333 1
7 0.44375 0.422222 0.1 0.333333 1
7 0.39375 0.422222 0.1 0.333333 1
7 0.34375 0.422222 0.1 0.333333 1
7 0.65625 0.444444 0.1 0.333333 1
7 0.29375 0.422222 0.1 0.333333 1
1 0.33125 0.4 0.1 0.333333 1
1 0.55625 0.377778 0.1 0.333333 1
7 0.25625 0.4 0.1 0.333333 1
3 0.24375 0.4 0.1 0.333333 1
3 0.19375 0.4 0.1 0.333333 1
1 0.44375 0.377778 0.1 0.333333 1
1 0.29375 0.377778 0.1 0.333333 1
1 0.73125 0.4 0.1 0.333333 1
6 0.70625 0.4 0.1 0.333333 1
3 0.69375 0.4 0.1 0.333333 1
1 0.68125 0.4 0.1 0.333333 1
1 0.50625 0.377778 0.1 0.333333 1
1 0.64375 0.116667 0.1 0.233333 1
2 0.93125 0 0 0 1
0 0.88125 0.844444 0 0 1
0 0.05625 0.844444 0.0625 0 1
2 0.91875 0.822222 0 0.144444 1
7 0.01875 0.822222 0 0.144444 1
7 0.00625 0.822222 0 0 1
1 0.71875 0.0944444 0.1 0.188889 1
2 0.91875 0.116667 0 0.233333 1
2 0.91875 0.105556 0 0.211111 1
6 0.71875 0.127778 0.1 0.255556 1
1 0.61875 0.555556 0.0625 0.144444 1
1 0.59375 0.555556 0.0625 0.144444 1
6 0.58125 0.555556 0.0625 0.144444 1
7 0.56875 0.555556 0.0625 0.144444 1
7 0.54375 0.555556 0.0625 0.144444 1
7 0.51875 0.555556 0.0625 0.144444 1
7 0 0.822222 0 0 1
7 0.45625 0.555556 0.0625 0.144444 1
7 0.43125 0.555556 0.0625 0.144444 1
7 0.40625 0.555556 0.0625 0.144444 1
7 0.38125 0.555556 0.0625 0.144444 1
7 0.35625 0.555556 0.0625 0.144444 1
7 0.33125 0.555556 0.0625 0.144444 1
7 0.49375 0.555556 0.0625 0.144444 1
2 0.93125 0.8 0.0625 0 1
2 0.91875 0.8 0 0.144444 1
7 0.09375 0.8 0.0625 0.144444 1
7 0.06875 0.8 0.0625 0.144444 1
7 0.025 0.8 0.05 0.144444 1
7 0.00625 0.8 0 0 1
7 0 0.8 0 0 1
2 0.93125 0.777778 0 0 1
2 0.93125 0.755556 0 0 1
3 0.05625 0.755556 0.0625 0 1
1 0.65625 0.555556 0.0625 0.144444 1
2 0.93125 0.733333 0 0 1
2 0.91875 0.733333 0 0.144444 1
2 0.91875 0.711111 0 0.144444 1
2 0.93125 0.622222 0 0 1
1 0.90625 0.666667 0 0 1
2 0.93125 0.6 0 0 1
1 0.90625 0.577778 0 0 1
1 0.71875 0.555556 0.0625 0.144444 1
1 0.69375 0.555556 0.0625 0.144444 1
6 0.66875 0.555556 0.0625 0.144444 1
0 0.04375 0.755556 0.0625 0 1
1 0.39375 0.244444 0.1 0.333333 1
1 0.34375 0.244444 0.1 0.333333 1
1 0.29375 0.244444 0.1 0.333333 1
1 0.64375 0.266667 0.1 0.333333 1
1 0.51875 0.266667 0.1 0.333333 1
1 0.46875 0.266667 0.1 0.333333 1
6 0.64375 0.161111 0.1 0.322222 1
6 0.68125 0.15 0.1 0.3 1
3 0.69375 0.2 0.1 0.333333 1
1 0.66875 0.2 0.1 0.333333 1
3 0.64375 0.2 0.1 0.333333 1
1 0.61875 0.2 0.1 0.333333 1
6 0.11875 0.2 0.1 0.333333 1
2 0.91875 0.15 0.1 0.3 1
6 0.73125 0.2 0.1 0.333333 1
7 0.3875 0.433333 0.3875 0.5 1
0 0.103125 0.433333 0.20625 0 1
0 0.0375 0.433333 0 0.5 1
5 0.8125 0.3 0 0 1
5 0.7875 0.3 0 0 1
5 0.7625 0.388889 0 0.5 1
5 0.7375 0.3 0 0.5 1
5 0.7125 0.388889 0 0.5 1
5 0.6125 0.388889 0.3875 0.5 1
5 0.153125 0.477778 0.30625 0 1
7 0.0375 0.477778 0 0 1
7 0.0375 0.477778 0 0 1
5 0.7875 0.344444 0 0.5 1
5 0.7625 0.433333 0 0.5 1
5 0.7375 0.344444 0 0.5 1
5 0.7125 0.433333 0 0.5 1
7 0.5625 0.433333 0.3875 0.5 1
5 0.8125 0.344444 0 0 1
0 0.103125 0.344444 0.20625 0 1
5 0.2875 0.388889 0.3875 0.5 1
0 0.103125 0.388889 0.20625 0 1
0 0.0375 0.388889 0 0 1
5 0.8125 0.255556 0 0 1
5 0.7875 0.255556 0 0 1
5 0.7625 0.344444 0 0.5 1
5 0.7375 0.255556 0 0.5 1
0 0.128125 0.522222 0.25625 0 1
5 0.8125 0.477778 0 0 1
5 0.7875 0.477778 0 0 1
6 0.7125 0.566667 0 0 1
5 0.6875 0.566667 0.3875 0 1
5 0.6625 0.566667 0.3875 0 1
5 0.6375 0.566667 0.3875 0 1
5 0.6125 0.566667 0 0 1
5 0.5875 0.566667 0 0 1
5 0.5625 0.566667 0 0 1
5 0.5375 0.566667 0 0 1
5 0.5125 0.566667 0 0 1
5 0.4625 0.566667 0 0 1
5 0.4375 0.566667 0 0 1
5 0.4125 0.566667 0 0 1
5 0.3875 0.566667 0 0 1
5 0.3625 0.566667 0 0 1
5 0.3375 0.566667 0 0 1
5 0.3125 0.566667 0 0 1
5 0.2875 0.566667 0 0 1
5 0.2625 0.566667 0 0 1
5 0.2375 0.566667 0 0 1
5 0.2125 0.566667 0 0 1
5 0.1875 0.566667 0 0 1
5 0.1625 0.566667 0 0 1
5 0.4875 0.566667 0 0 1
5 0.7875 0.522222 0 0 1
7 0.7125 0.522222 0 0.5 1
6 0.6875 0.522222 0 0 1
5 0.6625 0.522222 0.3875 0 1
6 0.5625 0.522222 0.3875 0 1
6 0.5375 0.522222 0.3875 0 1
6 0.5125 0.522222 0.3875 0 1
6 0.4875 0.522222 0.3875 0 1
6 0.4625 0.522222 0.3875 0 1
7 0.0875 0.522222 0 0 1
6 0.4125 0.522222 0.3875 0 1
6 0.3875 0.522222 0.3875 0 1
6 0.3625 0.522222 0.3875 0 1
6 0.3375 0.522222 0.3875 0 1
6 0.3125 0.522222 0.3875 0 1
6 0.2875 0.522222 0.3875 0 1
6 0.2625 0.522222 0.3875 0 1
6 0.2375 0.522222 0.3875 0 1
6 0.2125 0.522222 0.3875 0 1
6 0.190625 0.522222 0.38125 0 1
6 0.178125 0.522222 0.35625 0 1
5 0.165625 0.522222 0.33125 0 1
5 0.1125 0.522222 0 0 1
6 0.4375 0.522222 0.3875 0 1
5 0.1375 0.522222 0 0.5 1
3 0.115625 0.433333 0.23125 0 1
5 0.8125 0.388889 0 0 1
5 0.7875 0.388889 0 0 1
5 0.7625 0.388889 0 0.5 1
5 0.7375 0.388889 0 0.5 1
5 0.7125 0.477778 0 0.5 1
5 0.1375 0.566667 0 0 1
5 0.1125 0.566667 0 0 1
5 0.140625 0.566667 0.28125 0 1
5 0.8125 0.433333 0 0 1
5 0.7875 0.433333 0 0 1
5 0.7625 0.522222 0 0 1
5 0.7125 0.433333 0 0.5 1
5 0.6875 0.522222 0.3875 0.5 1
5 0.3625 0.522222 0.3875 0.5 1
5 0.2125 0.522222 0.3875 0.5 1
5 0.5375 0.522222 0.3875 0.5 1
5 0.1625 0.186111 0 0.372222 1
0 0.0125 0.122222 0 0 1
0 0.0375 0.122222 0 0 1
1 0.8625 0.163889 0 0.327778 1
5 0.8625 0.0777778 0 0 1
5 0.8375 0.0777778 0 0 1
5 0.7625 0.163889 0 0.327778 1
5 0.7375 0.163889 0 0.327778 1
5 0.7125 0.163889 0 0.327778 1
0 0.0375 0.344444 0 0 1
3 0.4125 0.0777778 0 0 1
1 0.3875 0.0777778 0 0 1
0 0.0125 0.166667 0 0 1
0 0.115625 0.208333 0.23125 0.416667 1
5 0.8125 0.122222 0 0 1
5 0.7875 0.122222 0 0 1
5 0.7625 0.122222 0 0 1
5 0.7375 0.186111 0 0.372222 1
5 0.7125 0.186111 0 0.372222 1
5 0.6125 0.122222 0.3875 0 1
5 0.5375 0.122222 0.3875 0 1
5 0.2125 0.122222 0.3875 0 1
6 0.1625 0.141667 0 0.283333 1
6 0.1375 0.141667 0 0.283333 1
0 0.0125 0.0333333 0 0 1
5 0.0375 0.0333333 0 0 1
3 0.7625 0.7 0 0 1
6 0.7875 0.680556 0 0.638889 1
5 0.6625 0.680556 0 0.638889 1
5 0.6375 0.680556 0 0.638889 1
6 0.6125 0.680556 0 0.638889 1
6 0.5875 0.680556 0 0.638889 1
6 0.5625 0.680556 0 0.638889 1
6 0.5125 0.680556 0 0.638889 1
6 0.4875 0.680556 0 0.638889 1
6 0.4625 0.680556 0 0.638889 1
6 0.4375 0.680556 0 0.638889 1
6 0.4125 0.680556 0 0.638889 1
6 0.3875 0.680556 0 0.638889 1
6 0.3625 0.680556 0 0.638889 1
6 0.3375 0.680556 0 0.638889 1
6 0.3125 0.680556 0 0.638889 1
6 0.2875 0.680556 0 0.638889 1
6 0.2625 0.680556 0 0.638889 1
3 0.7625 0.655556 0 0 1
5 0.7875 0.655556 0 0 1
6 0.5375 0.680556 0 0.638889 1
6 0.165625 0.163889 0.33125 0.327778 1
0 0.0125 0.0777778 0 0 1
5 0.0375 0.0777778 0 0 1
5 0.8125 0.141667 0 0.283333 1
5 0.7375 0.141667 0 0.283333 1
6 0.7125 0.141667 0 0.283333 1
6 0.6875 0.141667 0 0.283333 1
6 0.7125 0.141667 0 0.283333 1
7 0.4375 0.141667 0 0.283333 1
3 0.4125 0.141667 0 0.283333 1
3 0.3875 0.0333333 0 0 1
5 0.190625 0.141667 0.38125 0.283333 1
5 0.6125 0.141667 0.3875 0.283333 1
5 0.165625 0.3 0.33125 0.5 1
0 0.103125 0.3 0.20625 0 1
0 0.0375 0.3 0 0 1
5 0.8125 0.166667 0 0 1
5 0.7875 0.166667 0 0 1
5 0.7625 0.255556 0 0.5 1
5 0.7375 0.255556 0 0.5 1
1 0.4875 0.255556 0.3875 0 1
7 0.4625 0.255556 0.3875 0 1
1 0.3625 0.255556 0.3875 0 1
1 0.3125 0.255556 0.3875 0 1
1 0.2875 0.255556 0.3875 0 1
5 0.2375 0.255556 0 0.5 1
5 0.8125 0.211111 0 0 1
5 0.7875 0.211111 0 0 1
5 0.7625 0.3 0 0.5 1
5 0.7375 0.230556 0 0.461111 1
7 0.4875 0.3 0.3875 0.5 1
7 0.3125 0.3 0.3875 0.5 1
5 0.2125 0.3 0 0.5 1
5 0.5125 0.3 0.3875 0.5 1
0 0.103125 0.211111 0.20625 0 1
0 0.115625 0.211111 0.23125 0 1
5 0.8125 0.166667 0 0 1
5 0.7875 0.166667 0 0 1
5 0.7625 0.208333 0 0.416667 1
5 0.7375 0.208333 0 0.416667 1
5 0.7125 0.208333 0 0.416667 1
0 0.4875 0.208333 0.3875 0.416667 1
7 0.4125 0.208333 0.3875 0.416667 1
0 0.103125 0.255556 0.20625 0 1
0 0.0375 0.255556 0 0 1
5 0.8125 0.122222 0 0 1
5 0.7875 0.122222 0 0 1
5 0.7625 0.230556 0 0.461111 1
5 0.7375 0.230556 0 0.461111 1
5 0.5625 0.211111 0.3875 0 1
1 0.4875 0.230556 0.3875 0.461111 1
1 0.3125 0.230556 0.3875 0.461111 1
1 0.2875 0.211111 0.3875 0 1
5 0.2375 0.230556 0.3875 0.461111 1
5 0.6625 0.230556 0.3875 0.461111 1
6 0.6625 0.5 0 1 1
6 0.6125 0.5 0 1 1
6 0.5875 0.5 0 1 1
6 0.5625 0.5 0 1 1
6 0.5375 0.5 0 1 1
6 0.5125 0.5 0 1 1
6 0.4875 0.5 0 1 1
6 0.4625 0.5 0 1 1
6 0.4375 0.5 0 1 1
6 0.4125 0.5 0 1 1
6 0.3875 0.5 0 1 1
5 0.8125 0.522222 0 0 1
6 0.3375 0.5 0 1 1
6 0.3125 0.5 0 1 1
6 0.2875 0.5 0 1 1
6 0.2625 0.5 0 1 1
6 0.2375 0.5 0 1 1
5 0.2125 0.5 0 1 1
5 0.1875 0.5 0 1 1
5 0.1625 0.5 0 1 1
5 0.1375 0.5 0 1 1
6 0.7625 0.433333 0 0 1
6 0.7625 0.5 0 1 1
5 0.7125 0.5 0 1 1
6 0.3625 0.5 0 1 1
6 0.6375 0.5 0 1 1
6 0.6125 0.5 0 1 1
6 0.5875 0.5 0 1 1
6 0.5625 0.5 0 1 1
6 0.5375 0.5 0 1 1
6 0.5125 0.5 0 1 1
6 0.4875 0.5 0 1 1
6 0.4625 0.5 0 1 1
6 0.4375 0.5 0 1 1
6 0.4125 0.5 0 1 1
6 0.3875 0.5 0 1 1
6 0.3625 0.5 0 1 1
5 0.6875 0.5 0 1 1
6 0.3125 0.5 0 1 1
6 0.2875 0.5 0 1 1
6 0.2625 0.5 0 1 1
6 0.2375 0.5 0 1 1
5 0.2125 0.5 0 1 1
5 0.1875 0.5 0 1 1
5 0.1625 0.522222 0 0 1
5 0.1375 0.5 0 1 1
5 0.7875 0.477778 0 0 1
6 0.7625 0.388889 0 0 1
6 0.7625 0.5 0 1 1
5 0.7125 0.5 0 1 1
6 0.3375 0.5 0 1 1
7 0.5625 0.5 0 1 1
7 0.5375 0.5 0 1 1
7 0.5125 0.5 0 1 1
7 0.4875 0.5 0 1 1
7 0.4625 0.5 0 1 1
7 0.4375 0.5 0 1 1
7 0.4125 0.5 0 1 1
7 0.3875 0.5 0 1 1
7 0.3625 0.5 0 1 1
7 0.3375 0.5 0 1 1
6 0.3125 0.5 0 1 1
6 0.2875 0.5 0 1 1
5 0.6875 0.5 0 1 1
6 0.2375 0.5 0 1 1
5 0.2125 0.5 0 1 1
5 0.1875 0.5 0 1 1
5 0.1625 0.5 0 1 1
6 0.7625 0.344444 0 0 1
6 0.7125 0.458333 0 0.916667 1
5 0.7125 0.5 0 1 1
5 0.6875 0.5 0 1 1
5 0.6625 0.5 0 1 1
5 0.6375 0.5 0 1 1
6 0.6125 0.5 0 1 1
6 0.2625 0.5 0 1 1
6 0.6625 0.5 0 1 1
6 0.6375 0.5 0 1 1
7 0.5625 0.5 0 1 1
7 0.5375 0.5 0 1 1
7 0.5125 0.5 0 1 1
7 0.4875 0.5 0 1 1
7 0.4625 0.5 0 1 1
7 0.4375 0.5 0 1 1
7 0.4125 0.5 0 1 1
7 0.3875 0.5 0 1 1
7 0.3625 0.5 0 1 1
7 0.3375 0.5 0 1 1
6 0.6125 0.5 0 1 1
5 0.2375 0.5 0 1 1
5 0.2125 0.5 0 1 1
5 0.1875 0.5 0 1 1
5 0.1625 0.5 0 1 1
5 0.7875 0.388889 0 0 1
6 0.7625 0.388889 0 0 1
6 0.7125 0.480556 0 0.961111 1
5 0.7125 0.5 0 1 1
5 0.6875 0.5 0 1 1
5 0.6625 0.5 0 1 1
5 0.6375 0.5 0 1 1
5 0.2625 0.5 0 1 1
5 0.6125 0.744444 0 0 1
5 0.5875 0.744444 0 0 1
5 0.5625 0.744444 0 0 1
5 0.5375 0.744444 0 0 1
5 0.5125 0.744444 0 0 1
5 0.4875 0.744444 0 0 1
5 0.4625 0.744444 0 0 1
5 0.4375 0.744444 0 0 1
5 0.4125 0.744444 0 0 1
5 0.3875 0.744444 0 0 1
5 0.3625 0.744444 0 0 1
5 0.3375 0.744444 0 0 1
6 0.6625 0.5 0 1 1
5 0.2875 0.744444 0 0 1
5 0.2625 0.744444 0 0 1
5 0.2375 0.744444 0 0 1
5 0.2125 0.744444 0 0 1
5 0.1875 0.744444 0 0 1
1 0.1625 0.744444 0 0 1
1 0.1375 0.744444 0 0 1
1 0.123438 0.744444 0.246875 0 1
1 0.0375 0.655556 0 0 1
7 0.7625 0.5 0 1 1
6 0.7375 0.5 0 1 1
6 0.7125 0.5 0.36875 1 1
5 0.3125 0.744444 0 0 1
5 0.7625 0.7 0 0 1
5 0.6875 0.7 0 0 1
5 0.6625 0.7 0 0 1
5 0.6375 0.7 0 0 1
5 0.6125 0.7 0 0 1
5 0.5875 0.7 0 0 1
5 0.5625 0.7 0 0 1
5 0.5375 0.7 0 0 1
5 0.5125 0.7 0 0 1
5 0.4875 0.7 0 0 1
5 0.4625 0.7 0 0 1
5 0.4375 0.7 0 0 1
5 0.6375 0.744444 0 0 1
5 0.3875 0.7 0 0 1
5 0.3625 0.7 0 0 1
5 0.3375 0.7 0 0 1
5 0.3125 0.7 0 0 1
5 0.2875 0.7 0 0 1
5 0.2625 0.7 0 0 1
5 0.2375 0.7 0 0 1
5 0.2125 0.7 0 0 1
1 0.7625 0.744444 0 0 1
1 0.7375 0.744444 0 0 1
5 0.7125 0.744444 0 0 1
5 0.6875 0.744444 0 0 1
5 0.6625 0.744444 0 0 1
5 0.4125 0.7 0 0 1
6 0.6125 0.5 0 1 1
6 0.5875 0.5 0 1 1
6 0.5625 0.5 0 1 1
6 0.5375 0.5 0 1 1
6 0.5125 0.5 0 1 1
6 0.4875 0.5 0 1 1
6 0.4625 0.5 0 1 1
6 0.4375 0.5 0 1 1
6 0.4125 0.5 0 1 1
6 0.3875 0.5 0 1 1
6 0.3625 0.5 0 1 1
6 0.3375 0.5 0 1 1
6 0.6625 0.5 0 1 1
6 0.2875 0.5 0 1 1
6 0.2625 0.5 0 1 1
6 0.2375 0.5 0 1 1
6 0.2125 0.5 0 1 1
6 0.1875 0.5 0 1 1
6 0.1625 0.5 0 1 1
6 0.1375 0.5 0 1 1
5 0.7875 0.433333 0 0 1
6 0.7625 0.433333 0 0 1
6 0.7125 0.5 0 1 1
5 0.6875 0.5 0 1 1
6 0.3125 0.5 0 1 1
6 0.6375 0.5 0 1 1
6 0.6125 0.5 0 1 1
6 0.5875 0.5 0 1 1
6 0.5625 0.5 0 1 1
6 0.5375 0.5 0 1 1
6 0.5125 0.5 0 1 1
6 0.4875 0.5 0 1 1
6 0.4625 0.5 0 1 1
6 0.4375 0.5 0 1 1
6 0.4125 0.5 0 1 1
6 0.3875 0.5 0 1 1
6 0.3625 0.5 0 1 1
6 0.6375 0.5 0 1 1
6 0.3125 0.5 0 1 1
6 0.2875 0.5 0 1 1
6 0.2625 0.5 0 1 1
6 0.2375 0.5 0 1 1
7 0.1375 0.5 0 1 1
5 0.8125 0.477778 0 0 1
5 0.7875 0.477778 0 0 1
6 0.7375 0.5 0 1 1
6 0.7125 0.5 0 1 1
6 0.6875 0.5 0 1 1
6 0.6625 0.5 0 1 1
6 0.3375 0.5 0 1 1
6 0.1375 0.0777778 0 0 1
5 0.0375 0.0777778 0 0 1
6 0.8125 0.0333333 0 0 1
6 0.7375 0.0333333 0 0 1
6 0.7625 0.347222 0 0.694444 1
6 0.7375 0.347222 0 0.694444 1
6 0.7125 0.0333333 0 0 1
6 0.6875 0.0333333 0.36875 0 1
5 0.6625 0.0333333 0 0 1
5 0.6375 0.0333333 0.36875 0 1
5 0.6125 0.0333333 0.36875 0 1
5 0.3125 0.0333333 0.36875 0 1
6 0.5875 0.5 0 1 1
5 0.2625 0.0333333 0 0 1
5 0.2375 0.0333333 0 0 1
6 0.2125 0.0333333 0.36875 0 1
6 0.1875 0.0333333 0 0 1
6 0.1625 0.0333333 0 0 1
6 0.1375 0.0333333 0 0 1
2 0.0375 0.0333333 0 0 1
3 0.7625 0.7 0 0.5 1
5 0.7875 0.7 0 0.5 1
3 0.7625 0.7 0 0 1
5 0.7375 0.7 0 0 1
5 0.7125 0.7 0 0 1
5 0.6875 0.7 0 0 1
5 0.2875 0.0333333 0.36875 0 1
5 0.3125 0.391667 0 0.783333 1
5 0.2875 0.391667 0 0.783333 1
6 0.2625 0.391667 0.36875 0.783333 1
5 0.2125 0.122222 0.36875 0 1
5 0.1875 0.122222 0 0 1
5 0.1625 0.391667 0 0.783333 1
5 0.1375 0.391667 0 0.783333 1
5 0.8125 0.0777778 0 0 1
6 0.7625 0.0777778 0 0 1
6 0.1625 0.0777778 0 0 1
6 0.7125 0.0777778 0.36875 0 1
6 0.6875 0.0777778 0.36875 0 1
5 0.6625 0.0777778 0.36875 0 1
5 0.6375 0.0777778 0.36875 0 1
5 0.6125 0.0777778 0.36875 0 1
1 0.3875 0.0777778 0 0 1
1 0.3875 0.0777778 0 0 1
1 0.3625 0.0777778 0 0 1
1 0.3375 0.0777778 0.36875 0 1
5 0.3125 0.0777778 0.36875 0 1
5 0.2875 0.0777778 0.36875 0 1
5 0.2125 0.0777778 0.36875 0 1
5 0.1875 0.0777778 0.36875 0 1
6 0.7375 0.0777778 0 0 1
5 0.6375 0.744444 0 0 1
5 0.6125 0.744444 0 0 1
5 0.5875 0.744444 0 0 1
5 0.5625 0.744444 0 0 1
5 0.5375 0.744444 0 0 1
5 0.5125 0.744444 0 0 1
5 0.4875 0.744444 0 0 1
5 0.4625 0.744444 0 0 1
5 0.4375 0.744444 0 0 1
5 0.4125 0.744444 0 0 1
5 0.3875 0.744444 0 0 1
5 0.3625 0.744444 0 0 1
5 0.3125 0.744444 0 0 1
5 0.2875 0.744444 0 0 1
5 0.2625 0.744444 0 0 1
5 0.2375 0.744444 0 0 1
5 0.2125 0.744444 0 0 1
5 0.1875 0.744444 0 0 1
5 0.1625 0.744444 0 0 1
5 0.1375 0.744444 0 0 1
5 0.128125 0.744444 0.25625 0 1
5 0.115625 0.655556 0.23125 0 1
5 0.8125 0.611111 0 0 1
5 0.7625 0.611111 0 0 1
5 0.8125 0.566667 0 0 1
5 0.3375 0.744444 0 0 1
5 0.6375 0.7 0.3875 0.5 1
5 0.4875 0.7 0.3875 0.5 1
5 0.6625 0.744444 0 0 1
5 0.178125 0.7 0.35625 0.5 1
5 0.7625 0.744444 0 0 1
5 0.7875 0.744444 0 0 1
5 0.7625 0.744444 0 0 1
5 0.7375 0.744444 0 0 1
5 0.7125 0.744444 0 0 1
5 0.6875 0.744444 0 0 1
5 0.3375 0.7 0.3875 0.5 1
7 0.4625 0.480556 0.36875 0.961111 1
7 0.4375 0.480556 0 0.961111 1
7 0.4125 0.480556 0 0.961111 1
7 0.3875 0.480556 0 0.961111 1
7 0.3625 0.480556 0 0.961111 1
7 0.3375 0.480556 0 0.961111 1
5 0.2875 0.480556 0 0.961111 1
5 0.2625 0.480556 0 0.961111 1
5 0.2375 0.480556 0 0.961111 1
5 0.1875 0.480556 0 0.961111 1
6 0.7625 0.255556 0 0 1
6 0.7625 0.413889 0 0.827778 1
6 0.7375 0.458333 0 0.916667 1
5 0.7125 0.458333 0 0.916667 1
5 0.6875 0.458333 0 0.916667 1
5 0.6625 0.458333 0 0.916667 1
5 0.6375 0.458333 0 0.916667 1
5 0.6125 0.458333 0 0.916667 1
6 0.5875 0.458333 0 0.916667 1
1 0.4625 0.255556 0.36875 0 1
5 0.2125 0.480556 0 0.961111 1
7 0.5625 0.5 0 1 1
7 0.5375 0.5 0 1 1
7 0.5125 0.5 0 1 1
7 0.4875 0.5 0 1 1
7 0.4625 0.5 0 1 1
7 0.4375 0.5 0 1 1
7 0.4125 0.5 0 1 1
7 0.3875 0.5 0 1 1
7 0.3625 0.5 0 1 1
5 0.3125 0.5 0 1 1
6 0.2875 0.5 0 1 1
5 0.2625 0.5 0 1 1
7 0.5625 0.480556 0 0.961111 1
5 0.2125 0.5 0 1 1
5 0.1875 0.5 0 1 1
5 0.1625 0.5 0 1 1
6 0.7625 0.3 0 0 1
6 0.7625 0.436111 0 0.872222 1
5 0.7375 0.480556 0 0.961111 1
5 0.7125 0.480556 0 0.961111 1
5 0.6875 0.480556 0 0.961111 1
5 0.6625 0.480556 0 0.961111 1
5 0.6375 0.480556 0 0.961111 1
5 0.6125 0.480556 0 0.961111 1
6 0.5875 0.480556 0 0.961111 1
5 0.2375 0.5 0 1 1
6 0.7625 0.166667 0 0 1
6 0.7375 0.413889 0 0.827778 1
6 0.7125 0.413889 0 0.827778 1
5 0.7375 0.413889 0 0.827778 1
5 0.7125 0.413889 0 0.827778 1
5 0.6875 0.413889 0 0.827778 1
5 0.6625 0.413889 0 0.827778 1
5 0.6375 0.413889 0 0.827778 1
1 0.3375 0.255556 0.36875 0 1
6 0.2875 0.413889 0 0.827778 1
6 0.2625 0.166667 0.36875 0 1
5 0.2375 0.166667 0.36875 0 1
5 0.2125 0.166667 0.36875 0 1
5 0.1875 0.413889 0 0.827778 1
5 0.1625 0.413889 0 0.827778 1
6 0.8125 0.122222 0 0 1
6 0.7625 0.391667 0 0.783333 1
5 0.7125 0.391667 0.36875 0.783333 1
6 0.6625 0.391667 0.36875 0.783333 1
6 0.3125 0.413889 0 0.827778 1
5 0.2875 0.458333 0 0.916667 1
5 0.2625 0.458333 0 0.916667 1
5 0.2375 0.458333 0 0.916667 1
5 0.1875 0.458333 0 0.916667 1
6 0.160938 0.458333 0.321875 0.916667 1
6 0.7625 0.211111 0 0 1
6 0.7375 0.211111 0 0 1
6 0.7625 0.391667 0 0.783333 1
5 0.7375 0.436111 0 0.872222 1
5 0.7125 0.436111 0 0.872222 1
5 0.6875 0.436111 0 0.872222 1
5 0.1875 0.436111 0 0.872222 1
5 0.6375 0.436111 0 0.872222 1
5 0.6125 0.436111 0 0.872222 1
5 0.5875 0.436111 0.36875 0.872222 1
1 0.5125 0.211111 0.36875 0 1
1 0.4875 0.211111 0.36875 0 1
1 0.4625 0.211111 0.36875 0 1
1 0.4375 0.211111 0.36875 0 1
1 0.3625 0.211111 0.36875 0 1
1 0.3375 0.211111 0.36875 0 1
6 0.2875 0.436111 0 0.872222 1
6 0.2625 0.436111 0 0.872222 1
5 0.2375 0.436111 0 0.872222 1
5 0.2125 0.436111 0.36875 0.872222 1
5 0.6625 0.436111 0 0.872222 1
5 0.7625 0.744444 0 0 1
3 0.10625 0.511111 0.20625 0 1
3 0.0859375 0.555556 0.171875 0 1
3 0.49375 0.555556 0.20625 0.255556 1
3 0.0796875 0.555556 0.159375 0 1
3 0.0734375 0.555556 0.146875 0 1
1 0.73125 0.533333 0.20625 0.255556 1
6 0.59375 0.533333 0.20625 0.255556 1
7 0.28125 0.6 0.20625 0.255556 1
3 0.0921875 0.555556 0.184375 0 1
3 0.0859375 0.555556 0.171875 0 1
3 0.0796875 0.555556 0.159375 0 1
3 0.0734375 0.555556 0.146875 0 1
7 0.50625 0.6 0.20625 0.255556 1
7 0.41875 0.6 0.20625 0.255556 1
6 0.15625 0.577778 0.20625 0.255556 1
3 0.11875 0.577778 0.20625 0.255556 1
7 0.0984375 0.577778 0.196875 0.255556 1
3 0.0921875 0.533333 0.184375 0 1
3 0.0859375 0.577778 0.171875 0 1
3 0.0796875 0.533333 0.159375 0 1
3 0.0734375 0.533333 0.146875 0 1
7 0.20625 0.577778 0.20625 0.255556 1
7 0.60625 0.577778 0.20625 0.255556 1
7 0.38125 0.533333 0.20625 0.255556 1
7 0.54375 0.533333 0.20625 0.255556 1
3 0.0796875 0.488889 0.159375 0 1
3 0.40625 0.422222 0.20625 0.255556 1
1 0.85625 0.444444 0.20625 0 1
3 0.31875 0.422222 0.20625 0.255556 1
1 0.24375 0.422222 0.20625 0.255556 1
1 0.85625 0.4 0.20625 0 1
1 0.85625 0.422222 0.20625 0 1
1 0.66875 0.422222 0.20625 0.255556 1
7 0.50625 0.422222 0.20625 0.255556 1
7 0.40625 0.422222 0.20625 0.255556 1
1 0.58125 0.422222 0.20625 0.255556 1
3 0.34375 0.511111 0.20625 0.255556 1
3 0.0734375 0.488889 0.146875 0 1
3 0.43125 0.511111 0.20625 0.255556 1
3 0.26875 0.488889 0.20625 0.255556 1
3 0.18125 0.488889 0.20625 0.255556 1
6 0.14375 0.488889 0.20625 0.255556 1
3 0.58125 0.422222 0.20625 0.255556 1
3 0.49375 0.422222 0.20625 0.255556 1
6 0.70625 0.466667 0.20625 0.255556 1
3 0.63125 0.488889 0.20625 0.255556 1
3 0.54375 0.488889 0.20625 0.255556 1
7 0.30625 0.488889 0.20625 0.255556 1
7 0.46875 0.488889 0.20625 0.255556 1
6 0.6125 0.433333 0.1875 0.677778 1
6 0.68125 0.6 0.20625 0.255556 1
7 0.3875 0.433333 0.1875 0.677778 1
3 0.0375 0.433333 0 0 1
3 0.7125 0.344444 0.1875 0.677778 1
5 0.8625 0.344444 0 0 1
6 0.7625 0.344444 0 0.677778 1
6 0.7625 0.297222 0 0.594444 1
5 0.6375 0.297222 0.1875 0.594444 1
6 0.5375 0.344444 0.1875 0.677778 1
5 0.8125 0.3 0 0 1
6 0.1875 0.344444 0.1875 0.677778 1
6 0.7625 0.319444 0 0.638889 1
6 0.3375 0.388889 0.1875 0.677778 1
7 0.1375 0.522222 0.1875 0.677778 1
5 0.8125 0.477778 0 0 1
6 0.7125 0.477778 0 0.677778 1
5 0.7375 0.744444 0 0 1
5 0.7125 0.702778 0 0.594444 1
5 0.6875 0.702778 0 0.594444 1
5 0.6625 0.702778 0 0.594444 1
5 0.6375 0.702778 0 0.594444 1
5 0.6125 0.702778 0 0.594444 1
5 0.5875 0.702778 0 0.594444 1
5 0.5625 0.702778 0 0.594444 1
5 0.5375 0.702778 0 0.594444 1
5 0.5125 0.702778 0 0.594444 1
5 0.4875 0.702778 0 0.594444 1
5 0.4625 0.702778 0 0.594444 1
5 0.4125 0.702778 0 0.594444 1
5 0.3875 0.702778 0 0.594444 1
5 0.3625 0.702778 0 0.594444 1
5 0.3375 0.702778 0 0.594444 1
5 0.3125 0.702778 0 0.594444 1
5 0.2875 0.702778 0 0.594444 1
5 0.2625 0.702778 0 0.594444 1
5 0.2375 0.702778 0 0.594444 1
5 0.2125 0.702778 0 0.594444 1
5 0.1875 0.702778 0 0.594444 1
6 0.0875 0.655556 0 0 1
5 0.934375 0.611111 0.13125 0.677778 1
6 0.7125 0.522222 0 0.677778 1
5 0.4375 0.702778 0 0.594444 1
6 0.7625 0.388889 0 0.677778 1
6 0.7125 0.388889 0 0.677778 1
6 0.5625 0.566667 0.1875 0.677778 1
6 0.4875 0.566667 0.1875 0.677778 1
6 0.6875 0.522222 0.1875 0.677778 1
6 0.2875 0.566667 0.1875 0.677778 1
6 0.2125 0.566667 0.1875 0.677778 1
6 0.1375 0.566667 0.1875 0.677778 1
6 0.7625 0.433333 0 0.677778 1
6 0.7125 0.433333 0 0.677778 1
6 0.4125 0.566667 0.1875 0.677778 1
2 0.4125 0.0777778 0.1875 0 1
2 0.3875 0.0777778 0.1875 0 1
3 0.3375 0.208333 0.1875 0.416667 1
5 0.0375 0.0777778 0 0 1
2 0.8625 0.0333333 0 0 1
7 0.4875 0.186111 0.1875 0.372222 1
3 0.4125 0.0333333 0 0 1
3 0.3875 0.0333333 0 0 1
5 0.0625 0 0 0 1
6 0.1375 0.230556 0 0.461111 1
0 0.0625 0.122222 0 0 1
0 0.0375 0.122222 0 0 1
6 0.7125 0.208333 0 0.416667 1
7 0 0.822222 0 0 1
2 0.91875 0.844444 0 0.255556 1
4 0.88125 0.844444 0 0.255556 1
3 0.85625 0.8 0 0.255556 1
7 0.70625 0.844444 0 0 1
7 0.15625 0.844444 0 0 1
7 0.14375 0.844444 0 0 1
7 0.10625 0.8 0 0 1
7 0.09375 0.8 0 0 1
7 0.08125 0.8 0 0 1
7 0.06875 0.8 0 0 1
7 0.03125 0.8 0 0 1
6 0.1875 0.186111 0.1875 0.372222 1
7 0.00625 0.844444 0 0 1
7 0.01875 0.844444 0 0 1
3 0.85625 0.777778 0 0 1
3 0.88125 0.755556 0 0 1
3 0.80625 0.755556 0 0 1
3 0.05625 0.755556 0 0 1
3 0.04375 0.755556 0 0 1
2 0.914062 0.644444 0.171875 0 1
2 0.914062 0.622222 0.171875 0 1
1 0.69375 0.6 0.20625 0.255556 1
7 0.01875 0.8 0 0 1
2 0.0125 0.0333333 0 0 1
3 0.0375 0.0333333 0 0 1
0 0.88125 0.844444 0 0 1
0 0.05625 0.844444 0 0 1
2 0.91875 0.866667 0 0.255556 1
4 0.88125 0.866667 0 0 1
4 0.86875 0.866667 0 0.255556 1
5 0.85625 0.822222 0 0 1
7 0.70625 0.822222 0 0 1
7 0.69375 0.822222 0 0 1
7 0.00625 0.822222 0 0 1
7 0.66875 0.822222 0 0 1
7 0.65625 0.822222 0 0 1
7 0.64375 0.822222 0 0 1
7 0.15625 0.822222 0 0 1
7 0.14375 0.822222 0 0 1
7 0.13125 0.822222 0 0 1
7 0.11875 0.822222 0 0 1
7 0.10625 0.822222 0 0 1
7 0.06875 0.822222 0 0 1
7 0.08125 0.822222 0 0 1
7 0.04375 0.822222 0 0 1
7 0.03125 0.822222 0 0 1
7 0.01875 0.822222 0 0.255556 1
7 0.68125 0.822222 0 0 1
6 0.7625 0.252778 0 0.505556 1
1 0.5625 0.297222 0.1875 0.594444 1
6 0.7625 0.275 0 0.55 1
3 0.6625 0.275 0.1875 0.55 1
7 0.5125 0.319444 0.1875 0.638889 1
7 0.3375 0.319444 0.1875 0.638889 1
7 0.4375 0.319444 0.1875 0.638889 1
5 0.2125 0.252778 0.1875 0.505556 1
0 0.0625 0.166667 0 0 1
0 0.0375 0.166667 0 0 1
6 0.7625 0.230556 0 0.461111 1
6 0.7375 0.230556 0.1875 0.461111 1
6 0.6625 0.275 0.1875 0.55 1
6 0.5875 0.275 0.1875 0.55 1
3 0.4875 0.275 0.1875 0.55 1
5 0.7375 0.208333 0.1875 0.416667 1
3 0.2875 0.275 0.1875 0.55 1
7 0.2625 0.275 0.1875 0.55 1
6 0.2625 0.275 0.1875 0.55 1
5 0.1375 0.275 0.1875 0.55 1
6 0.1375 0.275 0.1875 0.55 1
3 0.4125 0.275 0.1875 0.55 1
