3 0.6625 0.0333333 0 0 1
3 0.6875 0.0333333 0 0 1
3 0.7125 0.0333333 0 0 1
3 0.7375 0.0333333 0 0 1
3 0.7625 0.0333333 0 0 1
3 0.19375 0.911111 0.20625 0 1
3 0.8125 0.0333333 0 0 1
3 0.8375 0.0333333 0 0 1
3 0.2875 0 0 0 1
3 0.3125 0 0 0 1
6 0.3375 0.0777778 0 0 1
6 0.3625 0 0 0 1
6 0.3875 0 0 0 1
6 0.4125 0 0 0 1
3 0.7875 0.0333333 0 0 1
3 0.20625 0.911111 0.20625 0 1
3 0.21875 0.911111 0 0 1
3 0.19375 0.933333 0.20625 0 1
3 0.19375 0.955556 0.20625 0 1
3 0.20625 0.955556 0.20625 0 1
3 0.19375 0.977778 0.20625 0 1
3 0.20625 0.977778 0.20625 0 1
3 0.5875 0.0333333 0 0 1
3 0.19375 1 0.20625 0 1
3 0.20625 1 0.20625 0 1
3 0.21875 1 0.20625 0 1
3 0.4625 0.0333333 0 0 1
3 0.4875 0.0333333 0 0 1
3 0.5125 0.0333333 0 0 1
3 0.5375 0.0333333 0 0 1
3 0.5625 0.0333333 0 0 1
3 0.21875 0.977778 0.20625 0 1
3 0.23125 0.6 0 0 1
0 0.01875 0.622222 0 0 1
0 0.03125 0.622222 0 0 1
3 0.23125 0.622222 0 0 1
6 0.63125 0.622222 0 0 1
0 0.0609375 0.8 0.121875 0 1
0 0.01875 0.644444 0 0 1
0 0.03125 0.644444 0 0 1
3 0.23125 0.644444 0 0 1
6 0.61875 0.644444 0 0 1
0 0.01875 0.666667 0 0 1
0 0.03125 0.666667 0 0 1
3 0.21875 0.666667 0.20625 0 1
6 0.61875 0.622222 0 0 1
0 0.03125 0.511111 0 0 1
3 0.23125 0.511111 0 0 1
0 0.01875 0.533333 0 0 1
0 0.03125 0.533333 0 0 1
3 0.23125 0.533333 0 0 1
0 0.03125 0.6 0 0 1
0 0.03125 0.555556 0 0 1
3 0.23125 0.555556 0 0 1
0 0.01875 0.577778 0 0 1
0 0.03125 0.577778 0 0 1
3 0.21875 0.577778 0.20625 0.255556 1
3 0.23125 0.577778 0 0 1
0 0.01875 0.6 0 0 1
0 0.01875 0.555556 0 0 1
3 0.61875 0.777778 0 0 1
6 0.60625 0.777778 0 0 1
2 0.61875 0.777778 0 0 1
1 0.65625 0.777778 0.20625 0 1
0 0.0609375 0.755556 0.121875 0 1
0 0.03125 0.755556 0 0 1
3 0.23125 0.666667 0 0 1
3 0.21875 0.755556 0.20625 0 1
3 0.23125 0.755556 0.20625 0 1
0 0.0609375 0.777778 0.121875 0 1
0 0.03125 0.777778 0 0 1
3 0.21875 0.777778 0.20625 0 1
3 0.23125 0.777778 0 0 1
3 0.63125 0.711111 0 0 1
0 0.01875 0.688889 0 0 1
0 0.03125 0.688889 0 0 1
3 0.21875 0.688889 0.20625 0 1
3 0.23125 0.688889 0 0 1
1 0.54375 0.733333 0.20625 0 1
0 0.01875 0.711111 0 0 1
1 0.59375 0.777778 0 0 1
3 0.21875 0.711111 0.20625 0.255556 1
3 0.23125 0.711111 0 0 1
1 0.54375 0.755556 0.20625 0 1
8 0.60625 0.755556 0 0 1
0 0.01875 0.733333 0 0 1
0 0.03125 0.733333 0 0 1
3 0.21875 0.733333 0.20625 0 1
3 0.23125 0.733333 0 0 1
0 0.03125 0.711111 0 0 1
6 0.7875 0.0333333 0 0 1
6 0.8125 0.0333333 0 0 1
5 0.8375 0.0333333 0 0 1
5 0.8625 0.0333333 0 0 1
3 0.8875 0.0333333 0 0 1
3 0.9625 0.141667 0 0.283333 1
5 0.1625 0.0777778 0 0 1
6 0.4375 0 0 0 1
5 0.2375 0.0777778 0 0 1
5 0.2625 0.0777778 0 0 1
5 0.2875 0.0777778 0 0 1
5 0.3125 0.0777778 0 0 1
5 0.3375 0.0777778 0 0 1
5 0.3625 0.0777778 0 0 1
5 0.3875 0.0777778 0 0 1
5 0.4125 0.0777778 0 0 1
5 0.2375 0.0777778 0 0 1
5 0.3625 0.0333333 0 0 1
5 0.3875 0.0333333 0 0 1
6 0.4125 0.0333333 0 0 1
6 0.4375 0.0333333 0 0 1
6 0.4625 0.0333333 0 0 1
6 0.4875 0.0333333 0 0 1
6 0.5125 0.0333333 0 0 1
6 0.7625 0.0333333 0 0 1
6 0.5625 0.0333333 0 0 1
6 0.5875 0.0333333 0 0 1
6 0.6125 0.0333333 0 0 1
6 0.6375 0.0333333 0 0 1
6 0.6625 0.0333333 0 0 1
6 0.6875 0.0333333 0 0 1
6 0.7125 0.0333333 0 0 1
6 0.7375 0.0333333 0 0 1
6 0.5375 0.0333333 0 0 1
5 0.8875 0.0777778 0 0 1
5 0.9625 0.0777778 0 0 1
5 0.9375 0.0777778 0 0 1
5 0.9625 0.0777778 0 0 1
7 0.1875 0.122222 0 0 1
7 0.2125 0.122222 0 0 1
0 0.2375 0.122222 0 0 1
5 0.4375 0.0777778 0 0 1
5 0.2375 0.208333 0 0.416667 1
5 0.2125 0.166667 0 0 1
5 0.1875 0.211111 0 0 1
5 0.2125 0.211111 0 0 1
5 0.2875 0.211111 0 0 1
5 0.3125 0.211111 0 0 1
0 0.8875 0.211111 0 0 1
0 0.9125 0.211111 0 0 1
5 0.1625 0.166667 0 0 1
5 0.4625 0.0777778 0 0 1
5 0.4875 0.0777778 0 0 1
5 0.5125 0.0777778 0 0 1
5 0.5375 0.0777778 0 0 1
5 0.5625 0.0777778 0 0 1
5 0.5875 0.0777778 0 0 1
5 0.6125 0.0777778 0 0 1
5 0.8625 0.0777778 0 0 1
5 0.6625 0.0777778 0 0 1
5 0.6875 0.0777778 0 0 1
5 0.7125 0.0777778 0 0 1
5 0.7375 0.0777778 0 0 1
5 0.7625 0.0777778 0 0 1
5 0.7875 0.0777778 0 0 1
5 0.8125 0.0777778 0 0 1
5 0.8375 0.0777778 0 0 1
5 0.6375 0.0777778 0 0 1
5 0.9375 0 0 0 1
3 0.9625 0 0 0 1
5 0.2375 0.211111 0 0 1
5 0.2125 0.211111 0 0 1
2 0.2375 0.255556 0 0 1
5 0.2125 0.255556 0 0 1
7 0.0375 0.319444 0 0.638889 1
5 0.3375 0.0333333 0 0 1
7 0.2125 0.3 0 0 1
7 0.1875 0.344444 0 0 1
7 0.2125 0.344444 0 0 1
3 0.1875 0.388889 0 0 1
0 0.2125 0.388889 0 0 1
0 0.1875 0.433333 0 0 1
0 0.2125 0.433333 0 0.677778 1
0 0.1875 0.477778 0 0 1
7 0.1875 0.3 0 0 1
6 0.4625 0 0 0 1
6 0.4875 0 0 0 1
6 0.5125 0 0 0 1
6 0.5375 0 0 0 1
6 0.5625 0 0 0 1
6 0.5875 0 0 0 1
6 0.6125 0 0 0 1
6 0.9125 0 0 0 1
6 0.6625 0 0 0 1
6 0.6875 0 0 0 1
6 0.7125 0 0 0 1
6 0.7375 0 0 0 1
6 0.7625 0 0 0 1
6 0.7875 0 0 0 1
6 0.8125 0 0 0 1
6 0.8875 0 0 0 1
6 0.6375 0 0 0 1
0 0.2125 0.833333 0 0 1
2 0.5875 0.744444 0 0 1
3 0.065625 0.769444 0.13125 0.461111 1
0 0.1875 0.788889 0 0 1
0 0.2125 0.788889 0 0 1
0 0.2125 0.922222 0 0 1
3 0.1875 0.877778 0 0 1
0 0.2125 0.477778 0 0 1
1 0.065625 0.791667 0.13125 0.416667 1
0 0.1875 0.791667 0 0.416667 1
0 0.2125 0.922222 0 0 1
0 0.1875 0.813889 0.1875 0.372222 1
0 0.2375 0.0333333 0 0 1
0 0.2625 0.0333333 0 0 1
0 0.2875 0.0333333 0 0 1
0 0.3125 0.0333333 0 0 1
0 0.2125 0.877778 0 0 1
0 0.1875 0.522222 0 0 1
0 0.2125 0.522222 0 0.677778 1
0 0.1875 0.566667 0 0 1
0 0.2125 0.566667 0 0.677778 1
0 0.1875 0.611111 0 0 1
0 0.2125 0.611111 0 0.677778 1
0 0.1875 0.655556 0 0 1
0 0.2125 0.655556 0 0.677778 1
3 0.1875 0.833333 0 0 1
0 0.2125 0.680556 0 0.638889 1
0 0.1875 0.744444 0 0 1
0 0.2125 0.655556 0 0.677778 1
5 0.1625 0.680556 0 0.638889 1
3 0.1875 0.788889 0 0 1
0 0.2125 0.725 0 0.55 1
5 0.6375 0.7 0 0 1
0 0.6125 0.788889 0 0 1
0 0.1875 0.7 0 0 1
0 0.04375 0.911111 0 0 1
0 0.03125 0.866667 0 0 1
3 0.19375 0.911111 0.0625 0 1
3 0.20625 0.866667 0.0625 0 1
0 0.21875 0.866667 0.0625 0 1
0 0.23125 0.866667 0.0625 0 1
0 0.04375 0.888889 0 0 1
0 0.01875 0.511111 0 0 1
1 0.14375 0.888889 0 0 1
3 0.19375 0.933333 0.0625 0 1
3 0.20625 0.888889 0.0625 0 1
0 0.21875 0.888889 0.0625 0.144444 1
0 0.23125 0.888889 0.0625 0 1
1 0.14375 0.911111 0 0 1
1 0.15625 0.911111 0 0 1
0 0.19375 0.911111 0.0625 0 1
0 0.03125 0.888889 0 0 1
1 0.15625 0.8 0.0625 0 1
0 0.04375 0.866667 0.0625 0 1
0 0.23125 0.844444 0.0625 0 1
0 0.23125 0.822222 0.0625 0.144444 1
0 0.04375 0.844444 0 0 1
0 0.03125 0.844444 0 0 1
1 0.14375 0.844444 0 0 1
3 0.19375 0.888889 0.0625 0 1
3 0.20625 0.844444 0.0625 0 1
0 0.21875 0.844444 0.0625 0 1
0 0.20625 0.822222 0.0625 0.144444 1
7 0.21875 0.244444 0 0 1
7 0.23125 0.244444 0 0 1
0 0.04375 0.266667 0 0 1
1 0.19375 0.266667 0 0 1
7 0.21875 0.266667 0.1 0 1
0 0.04375 0.288889 0 0 1
0 0.03125 0.288889 0 0 1
0 0.20625 0.911111 0.0625 0 1
0 0.04375 0.311111 0 0 1
0 0.03125 0.311111 0 0 1
0 0.04375 0.333333 0 0 1
0 0.03125 0.333333 0 0 1
0 0.04375 0.355556 0 0 1
0 0.03125 0.355556 0 0 1
0 0.04375 0.377778 0 0 1
0 0.03125 0.377778 0 0 1
7 0.21875 0.288889 0 0 1
0 0.21875 0.911111 0.0625 0 1
0 0.23125 0.911111 0.0625 0 1
3 0.19375 1 0.0625 0 1
3 0.20625 1 0.0625 0 1
3 0.19375 1 0.0625 0 1
3 0.20625 1 0.0625 0 1
0 0.21875 1 0.0625 0 1
0 0.04375 0.244444 0 0 1
2 0.03125 0.155556 0 0 1
0 0.04375 0.177778 0 0 1
2 0.03125 0.177778 0 0 1
0 0.04375 0.2 0 0 1
2 0.03125 0.2 0 0 1
0 0.04375 0.222222 0 0 1
2 0.03125 0.222222 0 0 1
7 0.21875 0.222222 0 0 1
2 0.04375 0.155556 0 0 1
0 0.23125 0.511111 0.0625 0.144444 1
0 0.23125 0.444444 0.0625 0.144444 1
0 0.04375 0.177778 0 0.144444 1
0 0.03125 0.177778 0 0.144444 1
0 0.04375 0.2 0 0.144444 1
0 0.03125 0.2 0 0.144444 1
0 0.04375 0.222222 0.0625 0.144444 1
0 0.03125 0.222222 0 0.144444 1
7 0.21875 0.222222 0.0625 0 1
0 0.03125 0.244444 0 0.144444 1
7 0.21875 0.244444 0.0625 0 1
7 0.23125 0.244444 0.0625 0 1
0 0.04375 0.266667 0 0.144444 1
0 0.03125 0.266667 0 0 1
0 0.03125 0.288889 0 0.144444 1
0 0.21875 0.355556 0.0625 0.144444 1
0 0.04375 0.244444 0 0.144444 1
0 0.60625 0.755556 0 0 1
1 0.59375 0.733333 0 0 1
3 0.61875 0.733333 0 0 1
3 0.60625 0.777778 0 0 1
0 0.21875 0.555556 0.0625 0.144444 1
2 0.60625 0.755556 0 0 1
0 0.19375 0.777778 0.0625 0.144444 1
0 0.21875 0.777778 0.0625 0.144444 1
2 0.61875 0.733333 0 0 1
0 0.23125 0.6 0.0625 0.144444 1
6 0.64375 0.644444 0 0 1
3 0.63125 0.666667 0.0625 0 1
1 0.61875 0.711111 0 0 1
0 0.23125 0.688889 0.0625 0.144444 1
0 0.21875 0.644444 0.0625 0.144444 1
3 0.20625 1 0.1 0 1
0 0.04375 0.222222 0 0 1
3 0.03125 0.177778 0 0 1
0 0.04375 0.2 0 0 1
2 0.03125 0.2 0 0 1
0 0.04375 0.222222 0 0 1
3 0.21875 0.266667 0 0 1
0 0.04375 0.4 0 0 1
0 0.04375 0.244444 0 0 1
3 0.21875 0.244444 0 0 1
3 0.23125 0.244444 0 0 1
0 0.04375 0.266667 0 0 1
0 0.03125 0.266667 0 0 1
3 0.21875 0.266667 0 0 1
0 0.04375 0.288889 0 0 1
0 0.03125 0.288889 0 0 1
3 0.23125 0.222222 0 0 1
3 0.23125 0.844444 0.1 0 1
1 0.04375 0.866667 0 0 1
1 0.03125 0.866667 0 0 1
3 0.19375 0.911111 0.1 0 1
3 0.20625 0.911111 0.1 0 1
3 0.21875 0.911111 0.1 0 1
1 0.04375 0.888889 0 0 1
3 0.19375 1 0.1 0 1
1 0.14375 0.888889 0 0 1
3 0.19375 0.933333 0.1 0 1
3 0.20625 0.888889 0.1 0 1
3 0.21875 0.888889 0 0 1
1 0.15625 0.911111 0 0 1
3 0.19375 0.911111 0.1 0 1
3 0.19375 0.977778 0.1 0 1
3 0.20625 0.977778 0.1 0 1
1 0.03125 0.888889 0 0 1
0 0.01875 0.422222 0 0 1
0 0.03125 0.422222 0 0 1
3 0.23125 0.422222 0 0 1
0 0.01875 0.444444 0 0 1
0 0.03125 0.444444 0 0 1
3 0.21875 0.288889 0 0 1
0 0.01875 0.466667 0 0 1
0 0.03125 0.466667 0 0 1
3 0.23125 0.466667 0 0 1
0 0.01875 0.488889 0 0 1
0 0.03125 0.488889 0 0 1
3 0.23125 0.488889 0 0 1
3 0.23125 0.444444 0 0 1
0 0.01875 0.311111 0 0 1
0 0.03125 0.311111 0 0 1
3 0.21875 0.311111 0.20625 0 1
0 0.01875 0.333333 0 0 1
0 0.03125 0.333333 0 0 1
0 0.01875 0.355556 0 0 1
0 0.03125 0.355556 0 0 1
3 0.23125 0.4 0 0 1
3 0.23125 0.355556 0.20625 0 1
0 0.01875 0.377778 0 0 1
0 0.03125 0.377778 0 0 1
3 0.21875 0.377778 0.20625 0 1
3 0.23125 0.377778 0.20625 0 1
0 0.01875 0.4 0 0 1
0 0.03125 0.4 0 0 1
3 0.21875 0.4 0.20625 0.255556 1
3 0.21875 0.355556 0.20625 0 1
0 0.04375 0.555556 0 0 1
0 0.03125 0.555556 0 0 1
1 0.20625 0.6 0 0 1
0 0.04375 0.577778 0 0 1
0 0.03125 0.577778 0 0 1
1 0.20625 0.622222 0 0 1
0 0.04375 0.6 0 0 1
3 0.21875 0.844444 0.1 0 1
1 0.20625 0.644444 0 0 1
0 0.04375 0.622222 0 0 1
0 0.03125 0.622222 0 0 1
1 0.20625 0.666667 0 0 1
0 0.04375 0.644444 0 0 1
0 0.03125 0.644444 0 0 1
1 0.20625 0.688889 0 0 1
6 0.61875 0.644444 0 0 1
0 0.03125 0.6 0 0 1
0 0.03125 0.4 0 0 1
0 0.04375 0.422222 0 0 1
0 0.03125 0.422222 0 0 1
1 0.20625 0.466667 0 0.333333 1
0 0.04375 0.444444 0 0 1
0 0.03125 0.444444 0 0 1
0 0.04375 0.466667 0 0 1
1 0.20625 0.577778 0 0 1
0 0.04375 0.488889 0 0 1
0 0.03125 0.488889 0 0 1
1 0.20625 0.533333 0 0 1
0 0.04375 0.511111 0 0 1
0 0.03125 0.511111 0 0 1
1 0.20625 0.555556 0 0 1
0 0.04375 0.533333 0 0 1
0 0.03125 0.533333 0 0 1
1 0.20625 0.511111 0 0 1
3 0.21875 0.755556 0.1 0 1
1 0.18125 0.777778 0 0 1
3 0.19375 0.777778 0.1 0 1
3 0.20625 0.777778 0.1 0 1
3 0.21875 0.777778 0.1 0 1
1 0.18125 0.8 0 0 1
3 0.21875 0.8 0.1 0 1
0 0.04375 0.666667 0 0 1
1 0.18125 0.866667 0 0 1
3 0.21875 0.822222 0.1 0 1
1 0.04375 0.844444 0 0 1
1 0.03125 0.844444 0 0 1
1 0.19375 0.844444 0 0 1
1 0.18125 0.844444 0 0 1
3 0.19375 0.888889 0.1 0 1
3 0.20625 0.844444 0.1 0 1
0 0.04375 0.822222 0 0 1
0 0.03125 0.666667 0 0 1
1 0.20625 0.711111 0 0 1
0 0.04375 0.688889 0 0 1
0 0.03125 0.688889 0 0 1
1 0.20625 0.733333 0 0 1
0 0.04375 0.711111 0 0 1
8 0.60625 0.755556 0 0 1
0 0.61875 0.755556 0 0 1
3 0.20625 0.755556 0.1 0 1
0 0.04375 0.733333 0 0 1
1 0.20625 0.777778 0 0.333333 1
1 0.59375 0.733333 0 0 1
2 0.61875 0.733333 0 0 1
8 0.60625 0.777778 0 0 1
2 0.61875 0.777778 0 0 1
0 0.03125 0.755556 0 0 1
3 0.19375 0.755556 0.1 0 1
1 0.63125 0.711111 0 0 1
0 0.2125 0.922222 0.3875 0 1
5 0.2875 0.922222 0 0 1
5 0.3125 0.833333 0 0 1
5 0.3375 0.833333 0 0 1
5 0.3625 0.833333 0 0 1
5 0.3875 0.833333 0 0 1
5 0.4125 0.833333 0 0 1
0 0.9625 0.211111 0 0 1
0 0.7125 0.833333 0 0 1
5 0.7625 0.833333 0 0 1
5 0.7875 0.833333 0 0 1
5 0.8125 0.833333 0 0 1
5 0.8375 0.833333 0 0 1
5 0.8625 0.833333 0 0 1
5 0.8875 0.922222 0 0 1
5 0.9125 0.922222 0 0 1
5 0.4375 0.833333 0 0 1
0 0.2125 0.877778 0.3875 0 1
5 0.2875 0.877778 0 0 1
5 0.3125 0.788889 0 0 1
5 0.3375 0.788889 0 0 1
5 0.3625 0.788889 0 0 1
5 0.3875 0.788889 0 0 1
6 0.4125 0.788889 0 0 1
0 0.1875 0.922222 0 0 1
0 0.7125 0.788889 0 0 1
6 0.7625 0.788889 0 0 1
5 0.7875 0.788889 0 0 1
5 0.8125 0.788889 0 0 1
5 0.8875 0.788889 0 0 1
5 0.8625 0.788889 0 0 1
5 0.8875 0.877778 0 0 1
5 0.9125 0.877778 0 0 1
5 0.4375 0.788889 0 0 1
5 0.8875 0.966667 0 0 1
5 0.9125 0.966667 0 0 1
5 0.9625 0.877778 0 0 1
1 0.0375 1 0 0 1
0 0.1875 0.922222 0 0 1
0 0.2125 0.922222 0.3875 0 1
0 0.2375 0.922222 0.3875 0 1
5 0.9625 0.922222 0 0 1
5 0.3125 0.922222 0 0 1
0 0.3375 0.922222 0 0 1
0 0.3625 0.922222 0 0 1
5 0.3875 0.922222 0 0 1
0 0.4125 0.922222 0 0 1
5 0.4375 0.922222 0 0 1
0 0.5375 0.922222 0.3875 0 1
0 0.5125 0.922222 0 0 1
5 0.2875 0.922222 0 0 1
0 0.1625 0.858333 0 0.283333 1
0 0.1875 0.966667 0 0 1
0 0.2125 0.966667 0 0 1
5 0.2875 0.877778 0 0 1
5 0.3125 0.877778 0 0 1
5 0.3375 0.877778 0 0 1
5 0.3625 0.877778 0 0 1
5 0.8625 0.877778 0 0 1
5 0.4125 0.877778 0 0 1
5 0.4375 0.877778 0 0 1
5 0.4875 0.877778 0.3875 0 1
0 0.7125 0.877778 0 0 1
5 0.7625 0.877778 0 0 1
5 0.7875 0.877778 0 0 1
5 0.8125 0.877778 0 0 1
5 0.8375 0.877778 0 0 1
5 0.3875 0.877778 0 0 1
5 0.7625 0.655556 0 0 1
5 0.7875 0.655556 0 0 1
5 0.8125 0.655556 0 0 1
5 0.8875 0.655556 0 0 1
5 0.8625 0.655556 0 0 1
5 0.8875 0.744444 0 0 1
5 0.9125 0.744444 0 0 1
0 0.190625 0.877778 0.38125 0 1
0 0.190625 0.788889 0.38125 0 1
0 0.2125 0.788889 0.3875 0 1
5 0.2875 0.7 0 0 1
5 0.3125 0.7 0 0 1
5 0.3375 0.7 0 0 1
5 0.3625 0.7 0 0 1
5 0.3875 0.7 0 0 1
1 0.4125 0.7 0 0 1
0 0 0.788889 0 0 1
5 0.7875 0.611111 0 0 1
5 0.8125 0.611111 0 0 1
5 0.8375 0.611111 0 0 1
5 0.8625 0.611111 0 0 1
5 0.8875 0.7 0 0 1
5 0.9125 0.7 0 0 1
0 0.0375 0.744444 0 0 1
0 0.5625 0.744444 0 0.5 1
0 0.2125 0.744444 0.3875 0 1
5 0.2875 0.655556 0 0 1
5 0.3125 0.655556 0 0 1
5 0.3375 0.655556 0 0 1
5 0.3625 0.655556 0 0 1
5 0.3875 0.655556 0 0 1
5 0.4125 0.655556 0 0 1
5 0.4375 0.655556 0 0 1
0 0.190625 0.744444 0.38125 0 1
5 0.3625 0.744444 0 0 1
5 0.3875 0.744444 0 0 1
1 0.4125 0.833333 0 0 1
5 0.4375 0.744444 0 0 1
0 0.5875 0.744444 0 0 1
0 0.6125 0.744444 0 0 1
5 0.4375 0.7 0 0 1
6 0.7625 0.744444 0 0 1
5 0.7875 0.744444 0 0 1
5 0.8125 0.744444 0 0 1
5 0.8875 0.744444 0 0 1
5 0.8625 0.744444 0 0 1
5 0.8875 0.833333 0 0 1
5 0.9125 0.833333 0 0 1
0 0.178125 0.877778 0.35625 0 1
0 0.7125 0.744444 0 0 1
1 0.5625 0.7 0.3875 0.5 1
0 0.6375 0.788889 0 0 1
0 0.6125 0.788889 0 0 1
0 0.7125 0.7 0 0 1
6 0.7625 0.7 0 0 1
5 0.7875 0.7 0 0 1
5 0.8125 0.7 0 0 1
5 0.3375 0.744444 0 0 1
5 0.8625 0.7 0 0 1
5 0.8875 0.788889 0 0 1
5 0.9125 0.788889 0 0 1
0 0 0.791667 0 0.416667 1
0 0.190625 0.833333 0.38125 0 1
0 0.2125 0.833333 0.3875 0 1
5 0.2875 0.744444 0 0 1
5 0.3125 0.744444 0 0 1
5 0.8875 0.7 0 0 1
1 0.6125 0.344444 0 0 1
1 0.6375 0.344444 0 0 1
1 0.6625 0.344444 0 0 1
1 0.6875 0.344444 0 0 1
1 0.7125 0.344444 0 0 1
1 0.7625 0.344444 0 0 1
1 0.7875 0.344444 0 0 1
5 0.6125 0.922222 0.3875 0 1
0 0.2125 0.388889 0 0 1
5 0.3125 0.388889 0 0 1
5 0.8875 0.388889 0 0 1
0 0.2125 0.5 0 1 1
5 0.8875 0.433333 0 0 1
0 0.2125 0.5 0 1 1
7 0.8875 0.477778 0 0 1
0 0.2125 0.5 0 1 1
1 0.8125 0.344444 0 0 1
1 0.6625 0.3 0 0 1
1 0.6875 0.3 0 0 1
1 0.7125 0.3 0 0 1
1 0.7375 0.3 0 0 1
1 0.7625 0.3 0 0 1
1 0.7875 0.3 0 0 1
1 0.8125 0.3 0 0 1
1 0.5875 0.344444 0 0 1
1 0.2875 0.344444 0 0 1
1 0.3125 0.344444 0 0 1
1 0.3375 0.344444 0 0 1
1 0.3625 0.344444 0 0 1
1 0.4875 0.344444 0 0 1
1 0.5125 0.344444 0 0 1
1 0.5375 0.344444 0 0 1
1 0.5625 0.344444 0 0 1
7 0.2125 0.344444 0 0 1
1 0.5625 0.7 0 0 1
5 0.6375 0.7 0 0 1
7 0.8875 0.788889 0 0 1
0 0.2125 0.586111 0 0.827778 1
5 0.3125 0.833333 0 0 1
7 0.8875 0.833333 0 0 1
0 0.2125 0.608333 0 0.783333 1
5 0.3125 0.522222 0 0 1
1 0.3375 0.922222 0 0 1
1 0.3125 0.922222 0 0 1
8 0.2375 0.966667 0 0 1
1 0.3375 0.966667 0 0 1
1 0.3125 0.966667 0 0 1
0 0.2375 0.922222 0 0 1
0 0.2125 0.922222 0 0 1
0 0.2375 0.966667 0 0 1
5 0.3125 0.877778 0 0 1
0 0.2125 0.5 0 1 1
5 0.3125 0.566667 0 0 1
7 0.8875 0.566667 0 0 1
0 0.2125 0.5 0 1 1
5 0.3125 0.611111 0 0 1
7 0.8875 0.611111 0 0 1
0 0.2125 0.5 0 1 1
5 0.3125 0.788889 0 0 1
7 0.8875 0.655556 0 0 1
0 0.2125 0.519444 0 0.961111 1
5 0.3125 0.7 0 0 1
7 0.8875 0.7 0 0 1
0 0.2125 0.541667 0 0.916667 1
5 0.3125 0.744444 0 0 1
7 0.8875 0.744444 0 0 1
0 0.2125 0.563889 0 0.872222 1
5 0.3125 0.655556 0 0 1
3 0.3875 0.966667 0 0 1
3 0.4125 0.966667 0 0 1
5 0.4375 0.966667 0 0 1
0 0.4875 0.966667 0.3875 0 1
0 0.5125 0.966667 0.3875 0 1
0 0.5375 0.966667 0.3875 0 1
0 0.5625 0.966667 0.3875 0 1
1 0.6375 0.3 0 0 1
0 0.6125 0.966667 0.3875 0 1
0 0.6375 0.966667 0.3875 0 1
0 0.6625 0.966667 0.3875 0 1
5 0.6875 0.966667 0.3875 0 1
5 0.7125 0.966667 0.3875 0 1
5 0.7375 0.966667 0 0 1
5 0.7625 0.966667 0 0 1
5 0.8375 0.966667 0 0 1
5 0.5875 0.966667 0.3875 0 1
0 0.6375 0.922222 0.3875 0 1
0 0.6625 0.922222 0.3875 0 1
0 0.6875 0.922222 0.3875 0 1
0 0.7125 0.922222 0.3875 0 1
0 0.7625 0.922222 0 0 1
5 0.7875 0.922222 0 0 1
5 0.8125 0.922222 0 0 1
0 0.3625 0.966667 0 0 1
5 0.834375 0.922222 0.33125 0 1
5 0.846875 0.922222 0.30625 0 1
1 0.0375 0.966667 0 0 1
0 0.190625 0.966667 0.38125 0 1
0 0.2125 0.966667 0.3875 0 1
3 0.2875 0.858333 0.3875 0.283333 1
3 0.3125 0.966667 0.3875 0 1
6 0.3375 0.966667 0 0 1
5 0.8875 0.922222 0 0 1
5 0.8125 0 0 0 1
5 0.8375 0 0 0 1
5 0.8625 0 0 0 1
5 0.8875 0 0 0 1
5 0.9125 0 0 0 1
5 0.9375 0 0 0 1
1 0.2875 0.255556 0 0 1
5 0.9375 0.966667 0 0 1
7 0.2125 0.3 0 0 1
1 0.3125 0.3 0 0 1
1 0.4875 0.3 0 0 1
1 0.5125 0.3 0 0 1
1 0.5375 0.3 0 0 1
1 0.5625 0.3 0 0 1
1 0.5875 0.3 0 0 1
1 0.6125 0.3 0 0 1
1 0.3125 0.255556 0 0 1
7 0.9625 0.966667 0 0 1
5 0.3875 0 0 0 1
5 0.4125 0 0 0 1
5 0.4375 0 0 0 1
5 0.4625 0 0 0 1
5 0.4875 0 0 0 1
5 0.5125 0 0 0 1
5 0.5375 0 0 0 1
5 0.7875 0 0 0 1
5 0.5875 0 0 0 1
5 0.6125 0 0 0 1
5 0.6375 0 0 0 1
5 0.6625 0 0 0 1
5 0.6875 0 0 0 1
5 0.7125 0 0 0 1
5 0.7375 0 0 0 1
5 0.7625 0 0 0 1
5 0.5625 0 0 0 1
1 0.8625 0.344444 0 0 1
5 0.8875 0.344444 0 0 1
5 0.9125 0.344444 0 0 1
0 0.190625 0.388889 0.38125 0 1
0 0.2125 0.388889 0.3875 0 1
5 0.2875 0.3 0 0 1
5 0.3125 0.3 0 0 1
5 0.7625 0.611111 0 0 1
5 0.3625 0.3 0 0 1
5 0.5875 0.3 0 0 1
5 0.6125 0.3 0 0 1
5 0.6375 0.3 0 0 1
5 0.6875 0.3 0 0 1
5 0.7125 0.3 0 0 1
5 0.7375 0.3 0 0 1
5 0.7625 0.3 0 0 1
5 0.3375 0.3 0.3875 0 1
1 0.4375 0.255556 0.3875 0 1
1 0.4625 0.255556 0.3875 0 1
1 0.4875 0.255556 0.3875 0 1
1 0.5125 0.255556 0.3875 0 1
1 0.5375 0.255556 0.3875 0 1
1 0.5625 0.255556 0.3875 0 1
1 0.5875 0.255556 0.3875 0 1
1 0.8375 0.344444 0 0 1
1 0.6375 0.255556 0.3875 0 1
1 0.6625 0.255556 0.3875 0 1
1 0.6875 0.255556 0.3875 0 1
1 0.7125 0.255556 0.3875 0 1
1 0.7375 0.255556 0 0 1
1 0.7625 0.255556 0 0 1
1 0.7875 0.255556 0 0 1
1 0.8125 0.255556 0 0 1
1 0.6125 0.255556 0.3875 0 1
5 0.5375 0.344444 0 0 1
5 0.5625 0.344444 0 0 1
5 0.5875 0.344444 0 0 1
5 0.6125 0.344444 0 0 1
5 0.6375 0.344444 0 0 1
5 0.6625 0.344444 0 0 1
5 0.6875 0.344444 0 0 1
5 0.7875 0.3 0 0 1
5 0.7375 0.344444 0 0 1
5 0.7625 0.344444 0 0 1
5 0.7875 0.344444 0 0 1
5 0.8125 0.344444 0 0 1
5 0.8375 0.344444 0 0 1
5 0.8625 0.433333 0 0 1
5 0.8875 0.433333 0 0 1
5 0.9125 0.433333 0 0 1
5 0.7125 0.344444 0 0 1
5 0.821875 0.3 0.35625 0 1
5 0.834375 0.388889 0.33125 0 1
5 0.8875 0.388889 0 0 1
5 0.9125 0.388889 0 0 1
0 0.0375 0.433333 0 0 1
0 0.190625 0.433333 0.38125 0 1
0 0.2125 0.433333 0.3875 0 1
5 0.5125 0.344444 0 0 1
5 0.3125 0.344444 0 0 1
5 0.3375 0.344444 0 0 1
5 0.3625 0.344444 0 0 1
5 0.3875 0.344444 0 0 1
0 0.4125 0.344444 0 0 1
5 0.4375 0.344444 0 0 1
5 0.4625 0.344444 0 0 1
5 0.4875 0.344444 0 0 1
5 0.2875 0.344444 0 0 1
1 0.6625 0.255556 0 0 1
1 0.6875 0.255556 0 0 1
1 0.7125 0.255556 0 0 1
1 0.7375 0.255556 0 0 1
1 0.7625 0.255556 0 0 1
1 0.7875 0.255556 0 0 1
1 0.8125 0.255556 0 0 1
1 0.4125 0.255556 0.3875 0 1
1 0.8625 0.255556 0 0 1
0 0.8875 0.255556 0 0 1
0 0.9125 0.166667 0 0 1
0 0.9625 0.166667 0 0 1
0 0 0.3 0 0 1
0 0.1875 0.3 0 0 1
7 0.2125 0.3 0 0 1
0 0.2375 0.3 0 0 1
1 0.8375 0.255556 0 0 1
5 0.2375 0.255556 0.3875 0 1
5 0.2125 0.255556 0 0 1
1 0.2875 0.255556 0 0 1
5 0.3125 0.255556 0 0 1
1 0.3375 0.255556 0 0 1
1 0.3625 0.255556 0 0 1
1 0.3875 0.255556 0 0 1
1 0.6375 0.255556 0 0 1
1 0.4375 0.255556 0 0 1
1 0.4625 0.255556 0 0 1
1 0.4875 0.255556 0 0 1
1 0.5125 0.255556 0 0 1
1 0.5375 0.255556 0 0 1
1 0.5625 0.255556 0 0 1
1 0.5875 0.255556 0 0 1
1 0.6125 0.255556 0 0 1
1 0.4125 0.255556 0 0 1
1 0.7625 0.3 0.3875 0 1
1 0.7875 0.3 0.3875 0 1
1 0.809375 0.3 0.38125 0 1
1 0.8375 0.3 0 0 1
1 0.8625 0.3 0 0 1
5 0.8875 0.3 0 0 1
5 0.9125 0.3 0 0 1
5 0.2875 0.3 0 0 1
7 0.1875 0.344444 0 0 1
0 0.2125 0.344444 0 0 1
0 0.2375 0.344444 0 0 1
5 0.2875 0.344444 0 0 1
5 0.3125 0.255556 0 0 1
1 0.3375 0.344444 0 0 1
1 0.3625 0.255556 0 0 1
1 0.3875 0.255556 0.3875 0 1
0 0 0.344444 0 0 1
5 0.3125 0.211111 0 0 1
1 0.3375 0.3 0.3875 0 1
1 0.3625 0.3 0.3875 0 1
1 0.3875 0.3 0.3875 0 1
1 0.4125 0.3 0.3875 0 1
1 0.4375 0.3 0.3875 0 1
1 0.4625 0.3 0.3875 0 1
1 0.4875 0.3 0.3875 0 1
1 0.7375 0.3 0.3875 0 1
1 0.5375 0.3 0.3875 0 1
1 0.5625 0.3 0.3875 0 1
1 0.5875 0.3 0.3875 0 1
1 0.6125 0.3 0.3875 0 1
1 0.6375 0.3 0.3875 0 1
1 0.6625 0.3 0.3875 0 1
1 0.6875 0.3 0.3875 0 1
1 0.7125 0.3 0.3875 0 1
1 0.5125 0.3 0.3875 0 1
5 0.2875 0.522222 0 0 1
5 0.3125 0.522222 0 0 1
5 0.3375 0.522222 0 0 1
5 0.3625 0.522222 0 0 1
5 0.3875 0.522222 0 0 1
5 0.4125 0.522222 0 0 1
5 0.4375 0.522222 0 0 1
0 0.0375 0.477778 0 0 1
5 0.4875 0.522222 0.3875 0 1
0 0.5125 0.522222 0 0 1
5 0.6875 0.522222 0 0 1
5 0.7125 0.522222 0 0 1
5 0.7375 0.522222 0 0 1
5 0.7625 0.522222 0 0 1
5 0.7875 0.522222 0 0 1
5 0.8125 0.522222 0 0 1
5 0.4625 0.522222 0 0 1
0 0.5375 0.477778 0 0 1
0 0.5625 0.477778 0 0 1
0 0.6125 0.566667 0 0 1
5 0.6625 0.477778 0 0 1
5 0.6875 0.477778 0 0 1
5 0.7125 0.477778 0 0 1
5 0.7375 0.566667 0 0 1
0 0.2125 0.611111 0.3875 0 1
5 0.7875 0.477778 0 0 1
5 0.8125 0.477778 0 0 1
5 0.8375 0.477778 0 0 1
5 0.8625 0.566667 0 0 1
5 0.8875 0.566667 0 0 1
5 0.9125 0.566667 0 0 1
0 0.0375 0.611111 0 0 1
0 0.190625 0.611111 0.38125 0 1
5 0.7625 0.477778 0 0 1
5 0.8125 0.566667 0 0 1
5 0.8375 0.566667 0 0 1
5 0.8625 0.655556 0 0 1
5 0.8875 0.655556 0 0 1
5 0.9125 0.655556 0 0 1
0 0.0375 0.7 0 0 1
0 0.190625 0.7 0.38125 0 1
5 0.8375 0.522222 0 0 1
5 0.2875 0.611111 0 0 1
5 0.3125 0.611111 0 0 1
5 0.3375 0.611111 0 0 1
5 0.3625 0.611111 0 0 1
5 0.3875 0.611111 0 0 1
5 0.4125 0.611111 0 0 1
5 0.4375 0.611111 0 0 1
0 0.7125 0.611111 0 0 1
0 0.2125 0.7 0.3875 0 1
5 0.8625 0.611111 0 0 1
5 0.8875 0.611111 0 0 1
5 0.9125 0.611111 0 0 1
0 0.0375 0.655556 0 0 1
0 0.190625 0.655556 0.38125 0 1
0 0.2125 0.655556 0.3875 0 1
5 0.2875 0.566667 0 0 1
5 0.7875 0.566667 0 0 1
5 0.3375 0.566667 0 0 1
5 0.3625 0.566667 0 0 1
5 0.3875 0.566667 0 0 1
5 0.4125 0.566667 0 0 1
5 0.4375 0.566667 0 0 1
5 0.5375 0.566667 0.3875 0 1
0 0.7125 0.566667 0 0 1
5 0.7625 0.566667 0 0 1
5 0.3125 0.566667 0 0 1
5 0.6625 0.388889 0 0 1
5 0.6875 0.388889 0 0 1
5 0.7125 0.388889 0 0 1
5 0.7375 0.388889 0 0 1
5 0.7625 0.388889 0 0 1
5 0.7875 0.388889 0 0 1
5 0.8125 0.388889 0 0 1
5 0.5125 0.477778 0 0 1
5 0.8625 0.388889 0 0 1
5 0.8875 0.477778 0 0 1
5 0.9125 0.477778 0 0 1
0 0.0375 0.522222 0 0 1
0 0.190625 0.522222 0.38125 0 1
0 0.2125 0.522222 0.3875 0 1
5 0.2875 0.433333 0 0 1
5 0.3125 0.433333 0 0 1
5 0.8375 0.388889 0 0 1
0 0.190625 0.477778 0.38125 0 1
0 0.2125 0.477778 0.3875 0 1
5 0.2875 0.388889 0 0 1
5 0.3125 0.388889 0 0 1
5 0.3375 0.388889 0 0 1
5 0.3625 0.388889 0 0 1
5 0.3875 0.388889 0 0 1
0 0.6375 0.388889 0 0 1
5 0.4375 0.388889 0 0 1
5 0.4625 0.388889 0 0 1
0 0.4875 0.388889 0 0 1
0 0.5125 0.388889 0 0 1
0 0.5375 0.388889 0 0 1
0 0.5625 0.388889 0 0 1
0 0.5875 0.388889 0 0 1
0 0.6125 0.388889 0 0 1
5 0.4125 0.388889 0 0 1
5 0.8375 0.433333 0 0 1
5 0.8625 0.522222 0 0 1
5 0.8875 0.522222 0 0 1
5 0.9125 0.522222 0 0 1
0 0.0375 0.566667 0 0 1
0 0.190625 0.566667 0.38125 0 1
0 0.2125 0.566667 0.3875 0 1
5 0.3375 0.433333 0 0 1
5 0.3125 0.477778 0 0 1
5 0.3375 0.477778 0 0 1
5 0.3625 0.477778 0 0 1
5 0.3875 0.477778 0 0 1
5 0.4125 0.477778 0 0 1
5 0.4375 0.477778 0 0 1
5 0.4625 0.477778 0 0 1
5 0.4875 0.477778 0 0 1
5 0.2875 0.477778 0 0 1
5 0.3625 0.433333 0 0 1
5 0.3875 0.433333 0 0 1
5 0.4125 0.433333 0 0 1
5 0.4375 0.433333 0 0 1
5 0.4625 0.433333 0 0 1
0 0.4875 0.433333 0 0 1
0 0.5125 0.433333 0 0 1
0 0.5625 0.433333 0 0 1
5 0.8125 0.433333 0 0 1
0 0.6125 0.433333 0 0 1
0 0.6375 0.433333 0 0 1
0 0.6625 0.433333 0 0 1
0 0.6875 0.433333 0 0 1
0 0.7125 0.433333 0 0 1
5 0.7375 0.433333 0 0 1
5 0.7625 0.433333 0 0 1
6 0.7875 0.433333 0 0 1
0 0.5875 0.433333 0 0 1
